m428  +++$+++  [-0.9875, -0.9987, 0.9987, 0.9982, -0.506, -0.9968, -0.999, 0.4418, 0.954, 0.9971]
m15  +++$+++  [-0.8817, 0.9603, -0.5983, 0.7279, 0.9425, 0.9656, 0.9262, -0.9333, 0.9743, -0.9022]
m288  +++$+++  [-0.5769, 0.9636, 0.9959, 0.9048, 0.9898, 0.9946, -0.9831, -0.9838, 0.9726, 0.9907]
m261  +++$+++  [0.9715, 0.8973, -0.8486, -0.9558, 0.9428, -0.9831, 0.9935, -0.986, -0.9766, -0.5413]
m339  +++$+++  [0.6823, -0.8207, 0.3699, -0.4909, -0.979, -0.9217, -0.9587, 0.8299, -0.534, 0.7536]
m54  +++$+++  [-0.9971, -0.493, -0.9142, 0.9873, 0.9491, 0.9859, 0.973, -0.9218, -0.9615, -0.8974]
m94  +++$+++  [0.9953, 0.9729, 0.9661, 0.9648, 0.9917, 0.997, 0.9986, 0.9877, 0.9972, 0.9945]
m321  +++$+++  [-0.9296, -0.9852, -0.9643, -0.8563, 0.8443, 0.9438, 0.7429, -0.5656, -0.6707, -0.976]
m292  +++$+++  [-0.8413, -0.9685, -0.5885, 0.8888, 0.9043, -0.3902, 0.9816, 0.9854, 0.9866, 0.9937]
m40  +++$+++  [-0.9606, 0.9587, -0.8369, -0.9905, 0.7658, -0.9894, -0.9048, -0.9391, 0.9855, -0.9877]
m249  +++$+++  [-0.7602, 0.8081, 0.9958, 0.9808, -0.8254, 0.9977, 0.9872, -0.7182, 0.9985, 0.9942]
m216  +++$+++  [-0.8841, 0.5045, 0.9895, 0.7272, 0.9799, 0.8461, -0.9956, 0.925, -0.9977, 0.6312]
m612  +++$+++  [-0.9871, 0.4391, -0.9446, 0.8837, 0.9505, -0.9619, -0.4831, -0.9903, -0.7268, 0.5609]
m127  +++$+++  [0.9679, 0.9969, 0.9917, 0.9972, 0.9826, -0.9224, 0.8987, -0.8594, -0.5038, 0.4629]
m115  +++$+++  [0.989, 0.9937, 0.6158, 0.85, -0.8591, -0.3727, -0.6167, 0.9916, 0.9931, 0.9966]
m408  +++$+++  [-0.4912, 0.9158, 0.9964, 0.9798, -0.9223, 0.9909, 0.9989, 0.998, 0.9873, 0.9985]
m328  +++$+++  [0.966, 0.945, -0.9875, -0.9427, 0.7364, 0.977, 0.9222, 0.8123, 0.9619, -0.9886]
m244  +++$+++  [0.9992, 0.9995, 0.9991, 0.9188, 0.9987, 0.9981, 0.983, 0.9725, 0.9503, 0.9976]
m303  +++$+++  [0.8243, -0.9952, 0.7105, -0.9395, -0.9297, -0.6727, 0.9913, -0.9114, -0.9641, 0.7137]
m551  +++$+++  [-0.8837, 0.9838, 0.9714, -0.9416, 0.9794, 0.958, 0.8849, -0.941, -0.9866, -0.6068]
m8  +++$+++  [-0.4883, 0.8159, 0.8836, -0.9946, -0.9435, -0.9168, 0.579, 0.8731, -0.9868, 0.755]
m406  +++$+++  [0.8762, 0.7386, 0.8176, 0.4215, -0.0516, 0.2732, -0.3049, 0.5007, 0.4378, 0.4357]
m138  +++$+++  [0.8051, -0.5057, 0.8146, 0.8939, 0.6136, 0.5703, 0.8883, 0.7926, 0.4434, 0.9799]
m102  +++$+++  [0.9735, -0.6135, 0.9836, 0.7061, 0.9983, 0.9975, 0.9969, 0.9924, 0.9429, -0.9311]
m358  +++$+++  [-0.4806, 0.9692, -0.9486, 0.9919, -0.9487, 0.3223, 0.9947, -0.9812, -0.9884, -0.9951]
m489  +++$+++  [0.9713, 0.8958, -0.5529, 0.9513, 0.9843, 0.9842, 0.9388, 0.8753, -0.7201, 0.9453]
m7  +++$+++  [-0.657, 0.9782, 0.2815, -0.9625, -0.9716, -0.985, -0.9437, -0.7185, -0.9333, 0.7748]
m189  +++$+++  [-0.9887, -0.8442, 0.9793, 0.8789, -0.7545, 0.9774, -0.9917, 0.9807, -0.7677, 0.9683]
m227  +++$+++  [0.4073, 0.9622, 0.955, 0.925, 0.8288, -0.7857, -0.9288, -0.89, -0.8144, 0.9443]
m260  +++$+++  [-0.8092, 0.8443, -0.75, 0.79, 0.9824, 0.9832, 0.5878, 0.9969, 0.9734, -0.9945]
m62  +++$+++  [0.9968, -0.92, 0.9962, -0.9295, 0.7175, -0.9786, 0.9425, 0.9806, 0.9967, 0.9814]
m174  +++$+++  [0.9832, 0.9985, 0.9856, 0.9745, 0.9961, 0.9891, -0.9916, 0.9637, 0.9913, -0.9179]
m149  +++$+++  [0.9995, 0.9997, 0.9998, 0.9986, 0.9993, 0.9993, 0.9994, 0.9994, 0.9991, 0.9992]
m73  +++$+++  [0.9839, 0.9466, 0.9613, -0.9843, 0.9981, -0.988, -0.9733, 0.8885, 0.5345, 0.9841]
m490  +++$+++  [0.9802, 0.9281, 0.9777, 0.9799, 0.9971, 0.9692, 0.942, 0.9573, -0.7358, 0.9883]
m27  +++$+++  [-0.7669, 0.9078, -0.9535, 0.9685, 0.995, 0.9928, 0.9983, 0.9852, 0.994, -0.9073]
m225  +++$+++  [-0.989, 0.9592, 0.9945, 0.9718, 0.9781, -0.9408, 0.995, -0.9681, 0.9703, 0.6596]
m275  +++$+++  [0.9982, -0.8979, 0.9974, 0.9977, 0.9818, 0.9972, 0.9954, 0.9509, 0.9841, 0.9585]
m459  +++$+++  [0.7602, 0.6871, 0.4261, 0.7219, 0.7796, 0.738, 0.0, -0.658, -0.3085, 0.6312]
m273  +++$+++  [0.733, -0.9254, -0.7247, -0.9944, -0.9347, -0.9665, -0.9554, -0.9915, -0.9667, -0.9937]
m383  +++$+++  [0.9752, 0.9342, 0.9799, -0.9964, -0.8916, 0.9821, 0.9958, -0.7789, -0.9759, -0.993]
m448  +++$+++  [0.9493, 0.9951, 0.936, -0.9767, -0.6978, 0.9883, 0.9073, 0.9166, 0.9925, 0.8073]
m517  +++$+++  [0.9734, 0.9761, 0.9538, 0.955, -0.923, -0.9434, 0.455, 0.9432, -0.7555, -0.9618]
m603  +++$+++  [0.8352, -0.9312, 0.9722, -0.988, 0.9988, 0.9958, 0.7958, 0.9392, -0.9837, -0.9771]
m271  +++$+++  [-0.5109, -0.9392, -0.8916, -0.3915, -0.942, -0.6634, 0.9784, -0.7828, -0.9539, -0.9779]
m314  +++$+++  [0.9936, 0.8533, -0.9913, -0.9829, 0.7157, -0.996, -0.9919, -0.9985, -0.8627, -0.9229]
m308  +++$+++  [0.9979, 0.962, 0.9907, 0.9907, 0.9806, 0.9919, 0.9943, 0.9975, 0.9981, 0.9983]
m481  +++$+++  [0.9162, -0.8649, -0.9355, 0.9972, 0.9935, 0.9938, 0.9879, 0.9755, 0.9582, -0.9839]
m53  +++$+++  [0.8387, 0.9983, 0.9646, 0.9954, 0.9992, 0.9993, 0.9967, 0.9978, 0.9844, 0.9994]
m394  +++$+++  [-0.5408, 0.6622, 0.6886, 0.8833, -0.9393, -0.8735, -0.9212, -0.6937, -0.6938, -0.897]
m340  +++$+++  [-0.6948, 0.9904, -0.6392, 0.994, 0.9956, 0.9379, -0.7533, -0.8637, 0.6527, 0.9881]
m95  +++$+++  [0.8738, 0.8146, 0.3182, 0.3296, 0.8205, 0.5759, -0.6636, -0.5661, 0.6701, 0.85]
m193  +++$+++  [0.953, 0.9836, 0.993, 0.9308, 0.9925, 0.8587, -0.9381, -0.9852, 0.9884, 0.9975]
m250  +++$+++  [0.989, 0.9476, 0.9847, -0.9261, 0.8531, 0.6744, 0.9801, -0.7524, 0.7637, -0.5762]
m217  +++$+++  [0.9833, 0.9893, -0.8992, 0.9974, 0.9978, -0.9742, 0.9456, 0.9602, 0.9758, -0.6829]
m180  +++$+++  [0.9984, -0.7143, 0.5571, -0.9426, 0.9877, 0.9759, 0.9903, 0.9801, 0.9341, 0.9687]
m577  +++$+++  [0.9923, 0.9824, 0.9859, 0.8877, -0.9558, 0.8833, 0.9841, 0.9566, -0.7387, -0.9834]
m360  +++$+++  [0.6157, -0.6399, -0.9068, -0.964, 0.8661, 0.9401, 0.8857, 0.7092, -0.7059, -0.7074]
m299  +++$+++  [0.9976, -0.9976, -0.9761, -0.9812, -0.9968, 0.8038, 0.995, 0.8173, -0.9903, -0.9917]
m60  +++$+++  [-0.9743, -0.984, -0.9957, -0.9894, -0.9974, -0.9783, -0.9975, -0.9926, 0.711, -0.8548]
m233  +++$+++  [0.991, 0.9958, 0.8917, 0.987, 0.9712, 0.9418, 0.9765, 0.9954, 0.9955, 0.9905]
m402  +++$+++  [0.993, 0.9826, 0.9963, 0.9504, 0.9892, 0.9796, 0.9982, 0.9981, 0.7671, 0.81]
m135  +++$+++  [-0.7452, -0.8688, 0.8778, 0.6877, 0.8604, -0.8101, -0.9625, 0.8912, -0.7011, -0.8183]
m17  +++$+++  [0.9141, 0.8796, -0.9879, 0.6337, 0.9938, -0.9931, -0.946, -0.9911, -0.9229, -0.9985]
m13  +++$+++  [0.786, 0.9965, 0.8755, -0.8187, 0.9168, 0.5363, 0.9681, 0.9739, 0.6696, 0.984]
m611  +++$+++  [0.9792, -0.9415, 0.427, -0.9751, -0.971, -0.9547, -0.9969, 0.8275, -0.9539, -0.9739]
m395  +++$+++  [0.9935, 0.993, 0.9748, 0.888, 0.9689, 0.9968, 0.7018, -0.9153, 0.6566, 0.9873]
m278  +++$+++  [-0.8098, -0.991, 0.9922, 0.9756, -0.9715, -0.7886, 0.9829, 0.9496, 0.9021, -0.9986]
m295  +++$+++  [0.8668, 0.9753, -0.9669, -0.9522, -0.9866, -0.9983, 0.9395, -0.8618, -0.9922, 0.9816]
m514  +++$+++  [0.9942, 0.9791, 0.985, 0.9977, 0.9953, 0.9957, 0.9906, 0.9553, 0.9751, 0.9524]
m1  +++$+++  [0.9677, 0.9641, 0.6339, 0.9561, -0.9483, 0.5712, -0.7114, -0.9816, 0.9719, 0.8729]
m567  +++$+++  [-0.8576, 0.9082, 0.721, 0.9785, 0.9113, 0.9802, -0.3268, 0.9103, -0.9663, 0.8725]
m237  +++$+++  [0.9675, 0.8723, 0.97, 0.8617, 0.9067, 0.5733, -0.7622, -0.9206, -0.7069, -0.7244]
m61  +++$+++  [-0.9756, -0.9802, -0.5628, 0.7814, 0.9906, 0.9721, -0.9212, -0.9697, -0.6438, 0.6749]
m332  +++$+++  [0.9304, 0.9896, 0.5452, 0.9803, 0.8944, 0.8349, -0.9738, -0.9706, -0.9967, -0.9856]
m156  +++$+++  [-0.8991, 0.9739, 0.9439, 0.8748, -0.533, 0.5367, -0.9972, 0.9923, -0.9984, -0.9907]
m453  +++$+++  [0.9946, 0.9959, 0.9885, 0.9906, 0.9728, 0.9382, 0.7532, 0.9924, 0.9339, 0.9927]
m143  +++$+++  [0.9572, 0.9824, -0.8784, 0.9285, -0.8835, 0.8712, 0.9749, 0.8833, -0.8805, 0.9055]
m43  +++$+++  [-0.3595, 0.934, 0.9862, -0.9807, -0.9694, 0.9202, -0.7202, -0.3471, 0.8236, 0.9658]
m407  +++$+++  [0.3733, -0.9543, 0.924, 0.9456, -0.9894, -0.9401, -0.9882, -0.9724, 0.7179, 0.9902]
m336  +++$+++  [0.9882, 0.9873, -0.8315, 0.7399, 0.8111, -0.9956, 0.9541, 0.9789, -0.9046, 0.9949]
m241  +++$+++  [-0.9742, -0.9322, 0.8088, -0.6886, -0.9514, -0.9639, -0.9428, -0.9921, -0.9894, -0.9789]
m447  +++$+++  [0.942, 0.8613, -0.9264, 0.8488, 0.5271, -0.7319, -0.8899, 0.9901, -0.8824, 0.6784]
m460  +++$+++  [0.9729, -0.9782, -0.9395, -0.9455, -0.7926, 0.7671, -0.9692, 0.9158, -0.9957, -0.9556]
m11  +++$+++  [0.6564, 0.4971, 0.9782, -0.9432, 0.9313, 0.3862, -0.4386, -0.8212, -0.8984, -0.7741]
m409  +++$+++  [0.9726, 0.9888, 0.836, -0.6853, 0.9501, 0.5909, 0.8498, 0.9867, -0.7996, 0.9882]
m23  +++$+++  [0.9876, 0.7924, 0.7862, -0.9569, -0.9184, -0.9665, 0.9935, -0.9929, 0.9298, 0.2434]
m166  +++$+++  [0.9065, 0.944, -0.9936, 0.9844, -0.9746, 0.8676, 0.9761, -0.9986, -0.999, 0.992]
m265  +++$+++  [0.9968, -0.9924, 0.9743, 0.9917, -0.735, 0.7767, -0.9844, 0.5237, 0.9269, -0.979]
m80  +++$+++  [0.3138, -0.9196, -0.7045, 0.9362, 0.4675, -0.7417, -0.8695, 0.8625, 0.967, 0.7712]
m41  +++$+++  [0.9887, -0.992, -0.9093, 0.9383, -0.9828, 0.9462, -0.9494, -0.9458, -0.8786, 0.9531]
m2  +++$+++  [0.9863, 0.9909, -0.9646, -0.9979, -0.9871, 0.9932, 0.9442, -0.9546, -0.9869, -0.9899]
m483  +++$+++  [0.5242, 0.7536, -0.8612, 0.6072, 0.8197, 0.7226, 0.9576, -0.7968, 0.8438, 0.8461]
m515  +++$+++  [0.8558, 0.6314, -0.6956, 0.9858, 0.982, 0.8368, -0.4509, 0.7502, 0.4642, -0.8036]
m377  +++$+++  [0.8762, -0.9452, 0.84, -0.6952, 0.9625, 0.9858, -0.6065, 0.7895, -0.8885, 0.949]
m438  +++$+++  [0.9735, -0.9251, -0.9746, -0.8225, 0.9178, -0.9744, 0.9372, -0.8485, -0.6204, -0.9727]
m591  +++$+++  [-0.9976, -0.9695, -0.9948, -0.9948, -0.9967, -0.9012, -0.9961, 0.6042, -0.719, -0.998]
m4  +++$+++  [-0.5651, -0.8919, -0.9919, -0.8887, -0.97, -0.7037, -0.9299, 0.9401, 0.9872, 0.9942]
m435  +++$+++  [0.9983, 0.9993, 0.9976, 0.9988, 0.9991, 0.9992, 0.9946, 0.9975, 0.9975, 0.9961]
m330  +++$+++  [0.9955, -0.8809, 0.9949, 0.9411, 0.9172, 0.9964, 0.8901, 0.9402, 0.9057, 0.976]
m457  +++$+++  [0.3541, 0.9129, -0.9564, 0.5093, -0.994, 0.9536, 0.9819, 0.9327, 0.9569, -0.9778]
m307  +++$+++  [0.885, -0.9318, 0.609, -0.9699, 0.8778, 0.7415, 0.7233, 0.879, -0.8072, 0.477]
m524  +++$+++  [0.9852, 0.8614, 0.9658, 0.7389, 0.9357, 0.4909, 0.872, -0.9802, -0.936, 0.9967]
m98  +++$+++  [0.9943, -0.5337, 0.9903, -0.9873, 0.9863, 0.9825, 0.6329, 0.9565, 0.9102, 0.9927]
m114  +++$+++  [0.9297, -0.9241, -0.6544, -0.8949, 0.9919, -0.7764, 0.9831, 0.9395, -0.8746, 0.9551]
m318  +++$+++  [0.9981, -0.9797, 0.9893, 0.9822, 0.9906, -0.9699, 0.9926, 0.992, 0.8443, -0.9595]
m207  +++$+++  [-0.8197, 0.989, 0.9903, 0.983, -0.4336, 0.999, 0.9894, 0.9881, 0.972, 0.8702]
m381  +++$+++  [0.8554, 0.9946, 0.9773, 0.9879, 0.9899, 0.9887, 0.9876, 0.973, 0.9846, 0.985]
m510  +++$+++  [0.9558, -0.8839, 0.8877, 0.8944, 0.972, -0.9221, 0.8817, -0.9128, -0.9831, 0.9402]
m91  +++$+++  [-0.972, 0.9878, 0.9378, -0.9736, -0.7561, -0.9368, -0.8527, 0.9457, 0.9305, 0.9845]
m132  +++$+++  [0.7879, 0.9485, 0.9985, 0.9657, 0.9983, 0.9964, 0.9887, 0.9986, 0.9953, -0.7646]
m52  +++$+++  [0.9912, 0.9936, -0.6616, 0.4492, -0.957, 0.8232, -0.5512, 0.9869, -0.994, -0.9739]
m283  +++$+++  [0.9857, 0.996, 0.9846, -0.6663, 0.9959, 0.9702, 0.9891, -0.9816, 0.985, -0.5068]
m107  +++$+++  [-0.9855, 0.7129, 0.9929, -0.9934, -0.9946, -0.9669, 0.9408, -0.9922, -0.9613, 0.9822]
m206  +++$+++  [0.7142, -0.9083, -0.3736, 0.7347, 0.5106, 0.4581, -0.8736, -0.6546, -0.4316, 0.8971]
m452  +++$+++  [0.9857, 0.9802, 0.9945, 0.9959, 0.9893, 0.9877, 0.9246, 0.9831, 0.985, -0.9118]
m386  +++$+++  [-0.9615, -0.928, 0.9177, -0.9544, 0.995, 0.9931, -0.9866, -0.7627, -0.9272, 0.9927]
m85  +++$+++  [0.777, 0.5204, 0.8379, 0.9569, 0.8193, 0.6253, -0.9332, 0.9728, -0.9397, -0.9361]
m343  +++$+++  [0.8729, -0.944, -0.9663, -0.9779, 0.9823, 0.9866, 0.9781, -0.7156, -0.956, -0.9892]
m539  +++$+++  [0.9947, 0.96, 0.8871, 0.9423, 0.9979, 0.9938, 0.9965, 0.9737, -0.8827, -0.6899]
m451  +++$+++  [0.9979, 0.9952, 0.9265, 0.9924, 0.9926, 0.9901, 0.9971, 0.9921, -0.7698, 0.9976]
m45  +++$+++  [0.9862, 0.9959, -0.6625, 0.9941, 0.9936, 0.9858, 0.9859, 0.8393, -0.9934, 0.9718]
m162  +++$+++  [0.9984, 0.9971, 0.9803, 0.9953, 0.9915, 0.9933, 0.9984, 0.9537, 0.8733, 0.9972]
m470  +++$+++  [0.9224, 0.5027, -0.7752, -0.9757, 0.9093, 0.7369, 0.611, 0.4215, 0.965, -0.7566]
m37  +++$+++  [-0.9799, -0.8435, 0.4793, -0.9955, -0.9952, -0.9948, -0.999, -0.9977, -0.9771, 0.9702]
m16  +++$+++  [0.9992, 0.9996, 0.9972, 0.9992, 0.9995, 0.9958, 0.9291, 0.999, 0.9986, 0.9967]
m372  +++$+++  [-0.9656, -0.9699, 0.6023, -0.9973, -0.9893, -0.8807, 0.878, -0.5752, -0.9901, 0.9369]
m600  +++$+++  [-0.8409, 0.9772, -0.8594, 0.9166, -0.7076, -0.952, 0.9833, 0.914, 0.9605, 0.8815]
m154  +++$+++  [-0.6224, 0.8981, 0.9952, 0.9967, 0.9184, 0.9535, 0.9078, 0.9936, 0.9869, 0.9978]
m327  +++$+++  [0.9807, 0.998, 0.9809, 0.9945, 0.9894, 0.9949, 0.9935, 0.9873, 0.992, 0.9969]
m455  +++$+++  [-0.6448, -0.8261, 0.9311, 0.8653, 0.9843, 0.9953, 0.9761, 0.9032, 0.6248, 0.9907]
m491  +++$+++  [0.9776, -0.9957, 0.9706, 0.9901, 0.9822, 0.9972, 0.9969, 0.8602, 0.9871, 0.986]
m530  +++$+++  [0.9816, 0.8815, 0.9982, 0.9971, 0.9953, 0.9955, -0.9121, -0.9123, -0.99, 0.9828]
m145  +++$+++  [0.9256, 0.9931, 0.8295, -0.9834, -0.9155, 0.9572, 0.9198, 0.5984, -0.9936, -0.949]
m104  +++$+++  [-0.9987, -0.9407, -0.9962, -0.9938, -0.9934, -0.998, -0.9837, -0.9989, -0.9985, -0.9961]
m284  +++$+++  [-0.9851, -0.9716, -0.9968, -0.9682, 0.9537, -0.353, -0.9877, 0.9799, -0.9735, -0.9934]
m355  +++$+++  [0.8838, 0.895, 0.9946, 0.9879, 0.9373, 0.9794, 0.9792, 0.9944, 0.9762, 0.8827]
m418  +++$+++  [0.405, -0.9903, 0.983, -0.7208, 0.9641, 0.9978, -0.9883, -0.9988, -0.9098, 0.885]
m222  +++$+++  [-0.9886, 0.7444, -0.8863, -0.8586, -0.9254, -0.921, -0.9878, -0.9798, 0.8329, 0.6885]
m461  +++$+++  [0.9477, 0.9231, 0.9438, -0.9772, 0.8203, 0.7807, -0.9448, -0.8796, -0.8869, 0.9874]
m323  +++$+++  [0.9556, 0.9754, -0.9776, -0.983, -0.3496, -0.9233, 0.7367, -0.9526, 0.9902, -0.6031]
m167  +++$+++  [0.9567, 0.9967, -0.9074, -0.9376, -0.9524, -0.9813, 0.9798, 0.9949, 0.9771, -0.6859]
m191  +++$+++  [0.9894, -0.8591, 0.8957, 0.6912, -0.9107, -0.4601, -0.9814, -0.9508, 0.9486, -0.9781]
m33  +++$+++  [0.9438, -0.9134, 0.7743, -0.5786, -0.9811, 0.6391, -0.7496, -0.8961, -0.9288, 0.9448]
m246  +++$+++  [0.9989, 0.9981, 0.9979, 0.9983, 0.9965, 0.9874, 0.9982, 0.9988, 0.5917, 0.997]
m151  +++$+++  [-0.8215, 0.9909, 0.5106, 0.9434, 0.896, 0.8867, 0.984, 0.7314, 0.4992, -0.9831]
m380  +++$+++  [0.9996, 0.9992, 0.9996, 0.9997, 0.9951, 0.989, 0.9938, 0.9974, 0.9946, 0.9996]
m67  +++$+++  [-0.8222, 0.7398, -0.8833, 0.9831, 0.954, 0.9804, 0.8799, -0.4912, 0.9661, 0.9075]
m35  +++$+++  [0.9987, 0.9969, 0.9966, 0.9942, 0.9964, 0.9992, 0.9705, 0.998, 0.9976, 0.9846]
m544  +++$+++  [0.9524, 0.9323, -0.9217, 0.9737, 0.9438, 0.9945, 0.9644, 0.9912, 0.9849, -0.9961]
m221  +++$+++  [0.9964, 0.981, -0.9722, -0.9867, -0.9336, 0.9766, -0.9664, -0.8515, -0.9787, 0.7329]
m46  +++$+++  [0.9808, -0.9299, 0.928, 0.8965, 0.8828, -0.957, 0.9515, -0.9254, 0.9827, 0.9622]
m111  +++$+++  [0.9754, 0.549, 0.9859, 0.9985, 0.852, -0.4566, 0.8982, 0.9903, -0.9896, 0.974]
m259  +++$+++  [0.9707, -0.3593, 0.8909, 0.8437, 0.9883, -0.9828, 0.9437, 0.976, -0.5957, -0.9832]
m255  +++$+++  [0.81, -0.8944, -0.9585, 0.9118, 0.9174, -0.5358, -0.9244, -0.8644, 0.5858, -0.9935]
m29  +++$+++  [0.7177, 0.9085, 0.9731, -0.9995, -0.9992, -0.9981, -0.9986, -0.9913, -0.9951, -0.9945]
m34  +++$+++  [-0.9826, 0.9924, 0.8398, 0.8986, 0.9942, 0.9879, 0.9862, 0.9501, 0.8158, 0.7858]
m200  +++$+++  [0.9947, 0.9884, -0.9916, -0.8349, -0.5901, -0.9675, 0.9656, -0.9667, -0.9029, 0.9956]
m300  +++$+++  [0.9955, 0.6752, 0.7303, -0.958, -0.9796, 0.8642, 0.9921, -0.9806, -0.954, 0.675]
m133  +++$+++  [0.9558, 0.9778, -0.8484, 0.6312, -0.9693, 0.975, 0.9936, -0.9435, 0.9027, 0.514]
m3  +++$+++  [0.9952, 0.9908, 0.994, 0.9831, 0.979, 0.9595, 0.9933, 0.9872, 0.9913, -0.9384]
m582  +++$+++  [0.9735, 0.9337, 0.9829, 0.9965, 0.8475, 0.9354, 0.8903, -0.9961, 0.9767, -0.9525]
m10  +++$+++  [-0.9443, -0.938, 0.7916, -0.9974, -0.991, 0.9957, -0.9737, 0.6862, -0.8914, 0.8952]
m75  +++$+++  [0.9874, 0.9844, 0.9893, 0.9862, -0.9351, 0.997, 0.9739, 0.9631, -0.9696, 0.9157]
m366  +++$+++  [0.9756, 0.9736, 0.7725, -0.9085, -0.891, 0.9865, 0.6313, -0.5264, 0.9589, 0.8045]
m424  +++$+++  [-0.9697, -0.9741, 0.9885, -0.8454, -0.8658, -0.9913, -0.4203, -0.9827, -0.7064, -0.9462]
m446  +++$+++  [0.996, 0.9945, 0.9917, 0.9938, 0.9751, 0.9279, 0.9948, 0.9188, 0.9936, 0.9547]
m469  +++$+++  [0.9966, 0.9967, 0.685, 0.9994, 0.9931, 0.999, 0.8498, 0.9953, 0.9977, 0.9887]
m561  +++$+++  [0.9249, 0.9975, 0.9931, 0.9972, 0.983, 0.985, -0.9845, 0.9486, -0.5184, 0.7871]
m533  +++$+++  [-0.9394, -0.9178, 0.9679, 0.9669, 0.9963, -0.9818, -0.9785, -0.6291, 0.9903, 0.9739]
m414  +++$+++  [0.9415, 0.93, 0.9132, 0.5312, 0.7784, 0.9022, 0.9678, -0.6546, -0.819, -0.8729]
m277  +++$+++  [-0.9504, 0.2887, 0.7952, 0.7685, 0.9083, -0.8021, 0.7438, -0.9672, 0.9282, 0.9563]
m310  +++$+++  [0.9747, 0.9969, 0.9857, -0.9609, -0.9946, -0.9814, -0.9561, 0.886, 0.9607, 0.985]
m439  +++$+++  [-0.9853, 0.9717, -0.9895, 0.8878, -0.9362, 0.9494, -0.9782, -0.9683, -0.9931, -0.9863]
m347  +++$+++  [0.9972, 0.9928, 0.9973, 0.9922, 0.9911, 0.9893, 0.9874, 0.8184, 0.6807, 0.9949]
m593  +++$+++  [-0.994, 0.9889, 0.9876, 0.9543, 0.9749, 0.9763, 0.992, -0.8421, 0.956, 0.5718]
m465  +++$+++  [-0.8743, 0.9972, 0.9964, 0.9977, 0.9892, 0.9544, 0.996, 0.9887, 0.9905, 0.9613]
m389  +++$+++  [-0.9914, -0.9696, 0.966, -0.9566, -0.7771, -0.9004, -0.9713, -0.9587, -0.9139, -0.9818]
m583  +++$+++  [0.861, 0.9729, -0.7804, 0.9896, 0.9877, -0.9806, 0.5963, -0.9166, 0.9404, -0.8887]
m68  +++$+++  [0.9547, 0.8606, 0.993, -0.9953, 0.9126, -0.9591, -0.9963, 0.9077, -0.7275, 0.8155]
m471  +++$+++  [0.9968, 0.9865, 0.8985, 0.9918, -0.8537, 0.9555, -0.9811, 0.9948, 0.9955, 0.9955]
m528  +++$+++  [0.6216, -0.9442, 0.9846, -0.9793, -0.9603, -0.5079, 0.9729, -0.9801, -0.9886, -0.9982]
m403  +++$+++  [0.9821, 0.9828, 0.984, -0.998, -0.9692, -0.9461, -0.7747, 0.9774, -0.8666, -0.9847]
m179  +++$+++  [-0.6917, -0.7844, 0.7076, 0.4257, -0.7317, 0.9549, -0.9432, -0.6566, 0.7381, 0.4697]
m228  +++$+++  [0.2518, 0.9894, -0.6492, 0.9213, 0.9699, 0.7251, -0.9857, -0.9813, 0.9514, 0.9609]
m178  +++$+++  [0.9982, 0.999, 0.9994, 0.9976, 0.9988, 0.999, 0.995, 0.9974, 0.9641, -0.9833]
m90  +++$+++  [0.9987, 0.9996, 0.9982, 0.9974, 0.9924, -0.8286, 0.9949, 0.9831, -0.9881, 0.9983]
m139  +++$+++  [0.9952, 0.9988, 0.9987, 0.9993, 0.9994, 0.999, 0.9965, 0.9952, 0.9841, 0.9922]
m82  +++$+++  [-0.8761, 0.9935, 0.9619, -0.976, 0.9931, -0.975, 0.9913, -0.6357, -0.992, -0.9946]
m313  +++$+++  [0.9969, 0.9896, -0.6738, 0.9702, 0.968, 0.9913, 0.9982, 0.9747, 0.988, 0.9278]
m269  +++$+++  [0.9797, -0.9563, -0.9267, -0.9976, 0.9944, -0.997, -0.9273, 0.9871, -0.9931, -0.9957]
m598  +++$+++  [-0.4215, -0.9985, 0.9678, -0.8541, -0.8806, -0.9694, 0.9963, 0.9836, -0.9959, -0.8881]
m584  +++$+++  [0.9884, 0.9257, 0.9778, -0.9116, 0.9766, 0.9973, 0.8745, 0.9837, 0.8974, 0.9845]
m211  +++$+++  [0.98, 0.9129, 0.9896, 0.9948, 0.9833, -0.9813, 0.9843, 0.9936, 0.9969, -0.9332]
m368  +++$+++  [-0.9973, 0.9968, -0.99, 0.5999, -0.9882, -0.9993, 0.9666, 0.9923, -0.7979, 0.99]
m59  +++$+++  [0.9946, 0.998, 0.9923, 0.7112, 0.9949, 0.8937, 0.9885, 0.9226, 0.9481, 0.9933]
m467  +++$+++  [0.9986, 0.9881, -0.7199, 0.9957, 0.9859, -0.99, 0.9194, 0.9959, -0.8434, -0.9798]
m267  +++$+++  [0.9953, 0.9953, 0.9974, 0.9972, 0.9909, 0.9991, 0.9977, 0.9987, 0.9945, 0.9992]
m245  +++$+++  [0.9682, 0.9678, -0.955, 0.944, 0.7464, 0.9904, 0.958, -0.8789, 0.6789, -0.8326]
m152  +++$+++  [0.9991, -0.998, -0.9978, 0.9926, 0.9973, -0.9841, 0.9984, 0.9767, -0.997, -0.991]
m538  +++$+++  [0.9479, 0.9373, 0.987, 0.782, 0.7448, -0.9878, 0.9815, 0.9317, -0.5586, -0.9934]
m276  +++$+++  [0.6312, 0.9945, 0.998, 0.9988, 0.9937, 0.9943, 0.9762, -0.9911, 0.9958, 0.9861]
m370  +++$+++  [0.9964, 0.9942, 0.9937, 0.9879, 0.9833, 0.9903, 0.974, 0.99, 0.9899, 0.9742]
m294  +++$+++  [-0.9044, -0.7288, 0.7827, 0.857, -0.8325, 0.6765, -0.9889, -0.931, -0.836, -0.9841]
m502  +++$+++  [0.8431, -0.9842, 0.816, -0.971, 0.9778, -0.9949, 0.943, -0.9888, -0.9935, 0.7892]
m236  +++$+++  [0.9887, 0.7697, -0.8206, 0.9429, -0.985, 0.9646, 0.8675, 0.8359, -0.9815, 0.9704]
m607  +++$+++  [0.9938, 0.9747, 0.973, 0.9974, 0.9851, -0.9038, 0.9861, 0.9718, -0.9658, 0.9864]
m610  +++$+++  [0.9916, -0.9963, 0.7683, 0.9909, -0.9628, 0.9828, 0.7336, -0.6984, 0.9986, 0.8469]
m565  +++$+++  [0.997, 0.9992, 0.9813, 0.9457, -0.9749, 0.9785, 0.99, 0.996, -0.9982, 0.9972]
m417  +++$+++  [0.76, 0.9655, -0.9935, 0.8585, -0.992, 0.9684, 0.9916, 0.7506, 0.9946, -0.4474]
m463  +++$+++  [0.9973, -0.9238, 0.9283, 0.9785, 0.986, 0.9585, 0.8472, 0.9922, -0.9773, -0.9056]
m462  +++$+++  [0.996, 0.9972, 0.9984, 0.9837, 0.9358, 0.9973, 0.9966, 0.7798, -0.9678, 0.9981]
m202  +++$+++  [-0.8657, 0.9978, 0.992, 0.9948, -0.8569, -0.778, 0.9921, -0.9667, 0.9992, 0.9914]
m322  +++$+++  [0.9949, 0.9971, 0.9989, 0.9967, 0.9966, 0.878, 0.9967, 0.9983, 0.9894, 0.994]
m125  +++$+++  [-0.6811, 0.9299, 0.9858, 0.9909, 0.9472, -0.9732, -0.8539, 0.9774, 0.4335, 0.6272]
m433  +++$+++  [-0.8698, -0.9657, -0.9217, 0.9515, -0.7967, 0.5809, 0.9848, -0.9483, -0.9859, 0.8191]
m436  +++$+++  [0.9341, 0.8771, 0.8571, 0.9081, 0.4585, -0.9574, -0.9373, -0.7975, -0.9336, -0.9918]
m304  +++$+++  [0.9506, 0.9935, 0.9862, 0.9964, 0.9936, 0.968, 0.99, 0.3844, 0.9837, 0.9955]
m534  +++$+++  [-0.9436, -0.6513, 0.9974, 0.8439, -0.9515, 0.9927, 0.9971, 0.8916, -0.9733, 0.9809]
m262  +++$+++  [-0.9801, 0.9597, 0.9631, 0.7681, 0.9535, -0.642, -0.6586, 0.9443, 0.7192, 0.9722]
m247  +++$+++  [-0.9756, 0.9206, -0.9733, -0.5485, 0.9306, 0.8183, -0.9958, -0.997, -0.9958, 0.9]
m248  +++$+++  [-0.4869, -0.935, -0.8289, -0.9509, -0.9892, -0.971, -0.9958, -0.7962, -0.9738, -0.9969]
m47  +++$+++  [0.8967, -0.7465, -0.5018, 0.976, -0.9275, 0.6312, 0.7877, 0.9683, -0.9465, -0.8197]
m575  +++$+++  [0.9983, 0.9271, 0.9801, 0.9859, 0.9962, 0.9431, 0.9935, 0.9966, 0.9932, 0.9936]
m280  +++$+++  [-0.9471, 0.9721, 0.8924, 0.9367, -0.9845, -0.9148, 0.9935, -0.9866, -0.9517, 0.9568]
m363  +++$+++  [0.5578, -0.9908, 0.9871, 0.9971, -0.9786, -0.9888, 0.9797, 0.9682, 0.9937, 0.5865]
m258  +++$+++  [0.9293, 0.8954, 0.771, -0.7479, 0.9601, 0.9966, 0.9803, 0.9911, 0.9222, 0.9802]
m140  +++$+++  [0.9985, 0.9969, 0.9554, 0.9951, 0.9989, 0.9989, 0.997, 0.9989, 0.998, 0.9991]
m230  +++$+++  [0.9943, 0.9902, -0.9419, 0.7348, 0.9856, -0.9262, -0.4665, 0.8377, 0.9914, 0.98]
m164  +++$+++  [0.8949, 0.9944, -0.865, 0.988, -0.6714, 0.8789, -0.9902, -0.918, 0.8682, 0.9453]
m320  +++$+++  [0.9413, -0.9872, -0.9979, -0.9848, 0.9863, -0.9363, 0.6738, -0.84, 0.9692, 0.9929]
m74  +++$+++  [0.9946, 0.9971, -0.9692, 0.9942, 0.9901, 0.6324, 0.9917, -0.9231, 0.9918, 0.9942]
m22  +++$+++  [0.9922, 0.9966, 0.9562, -0.8399, 0.9958, 0.9914, -0.9921, -0.9801, -0.9891, 0.9872]
m89  +++$+++  [-0.5975, 0.9946, 0.9686, -0.9753, 0.3886, 0.9433, -0.9951, -0.9668, 0.8718, -0.9536]
m113  +++$+++  [0.9782, 0.9699, 0.8868, 0.6765, 0.9002, 0.989, -0.9361, 0.9747, -0.9409, -0.9231]
m306  +++$+++  [-0.9927, -0.9836, 0.8667, 0.9782, -0.9147, -0.9807, 0.7209, -0.8775, -0.9984, 0.9963]
m65  +++$+++  [-0.9464, -0.9781, -0.9891, 0.9523, 0.8687, -0.9633, 0.9624, 0.7214, -0.9502, -0.9763]
m541  +++$+++  [0.9953, 0.9907, 0.8166, 0.9425, 0.9166, 0.5977, -0.9934, 0.9902, 0.9772, 0.9923]
m493  +++$+++  [0.996, 0.9736, 0.9799, 0.9981, 0.9989, -0.5109, 0.9353, -0.9704, 0.997, 0.9793]
m335  +++$+++  [0.9845, 0.9924, -0.9426, 0.9891, 0.8885, 0.9746, -0.8241, -0.7324, -0.2422, 0.9092]
m325  +++$+++  [0.9461, -0.9091, 0.968, -0.9831, -0.84, 0.8098, 0.4033, -0.9959, -0.9682, -0.9869]
m253  +++$+++  [-0.721, 0.9506, -0.7782, -0.7727, 0.9346, 0.9803, 0.9501, 0.9757, 0.9797, 0.9005]
m373  +++$+++  [-0.9973, 0.9972, 0.9961, 0.9962, -0.9216, 0.9944, 0.9976, -0.9523, 0.9721, 0.9968]
m362  +++$+++  [0.809, 0.9481, 0.3339, -0.3557, 0.9507, -0.2973, -0.372, -0.9848, -0.8811, 0.9811]
m522  +++$+++  [0.9535, -0.9192, 0.9436, 0.998, 0.9898, 0.9992, 0.9962, 0.9987, 0.9789, 0.992]
m251  +++$+++  [-0.942, 0.9987, -0.7234, -0.6547, 0.9891, 0.9933, 0.9971, 0.9707, 0.952, 0.9981]
m184  +++$+++  [-0.9328, 0.9504, 0.8798, 0.954, -0.9579, 0.7287, 0.9277, 0.9119, -0.6573, -0.9595]
m196  +++$+++  [0.7317, -0.9618, -0.9912, 0.9928, -0.7075, 0.7552, 0.6343, 0.9837, -0.6632, -0.883]
m214  +++$+++  [0.9465, 0.9954, 0.9922, 0.9911, 0.954, 0.9961, 0.9846, 0.9951, 0.9757, 0.9837]
m404  +++$+++  [0.7601, 0.6833, 0.8637, -0.8044, 0.9912, -0.9426, 0.8501, 0.991, 0.9504, -0.5883]
m568  +++$+++  [0.9929, -0.9854, 0.9453, 0.8964, 0.905, -0.9683, 0.9963, -0.7384, 0.8654, 0.774]
m26  +++$+++  [-0.9766, -0.9914, -0.9633, 0.9436, -0.9821, -0.8378, -0.6676, -0.9334, -0.8459, -0.924]
m587  +++$+++  [0.9522, -0.9704, -0.9131, -0.869, -0.9568, -0.9676, -0.9938, 0.95, 0.507, 0.9929]
m147  +++$+++  [-0.8514, -0.8326, 0.9646, 0.9418, -0.9203, 0.9822, 0.9323, 0.9001, -0.4907, 0.4851]
m387  +++$+++  [0.9956, 0.9908, 0.9932, 0.5644, 0.9226, 0.9601, 0.989, 0.8464, 0.7454, 0.9495]
m282  +++$+++  [0.9818, 0.9788, 0.6558, -0.6215, 0.9873, -0.9973, 0.9875, 0.9909, -0.9628, -0.9853]
m359  +++$+++  [0.9598, -0.8228, 0.4291, 0.9152, -0.9097, 0.7292, -0.6062, -0.9159, -0.4922, 0.8631]
m393  +++$+++  [0.8432, 0.9204, -0.8631, 0.9873, 0.9919, 0.9465, 0.9948, 0.9708, -0.9815, 0.4871]
m79  +++$+++  [0.6099, 0.9816, -0.7869, 0.9988, 0.9812, 0.8413, 0.9939, 0.991, 0.9667, -0.9844]
m511  +++$+++  [0.992, 0.9994, 0.9979, 0.8199, 0.9948, 0.9982, 0.9963, 0.9985, -0.9933, 0.9917]
m274  +++$+++  [0.8665, 0.6662, 0.9266, -0.9074, -0.8993, -0.9028, -0.893, 0.9732, -0.9569, 0.8633]
m155  +++$+++  [-0.8834, 0.9166, -0.7289, -0.8716, -0.5465, -0.9826, -0.9663, 0.8529, -0.9015, -0.9874]
m219  +++$+++  [0.7123, -0.8802, 0.9892, -0.8776, -0.9826, -0.9931, 0.9642, -0.9694, 0.9471, -0.9103]
m474  +++$+++  [-0.9966, -0.9974, -0.9934, -0.9986, -0.9736, -0.9866, -0.9976, -0.9778, 0.9901, -0.982]
m195  +++$+++  [0.8365, 0.88, -0.8242, 0.641, 0.9911, 0.9689, -0.9675, 0.9899, 0.8376, -0.9751]
m168  +++$+++  [0.9567, 0.6154, 0.9738, 0.9846, 0.9935, -0.5578, -0.9769, 0.8145, 0.9829, 0.9889]
m382  +++$+++  [0.987, 0.9687, 0.9871, 0.9915, -0.9717, 0.9887, 0.987, -0.8647, -0.7152, 0.9547]
m371  +++$+++  [-0.97, -0.2718, 0.704, -0.9882, -0.9551, 0.9875, 0.9957, 0.9713, -0.9966, 0.6368]
m158  +++$+++  [0.9873, 0.9894, -0.7671, -0.9601, 0.9671, -0.989, -0.9805, -0.9457, 0.8635, -0.9706]
m254  +++$+++  [0.9538, 0.98, 0.9803, -0.8845, 0.9344, 0.9243, 0.9848, 0.6686, 0.9513, 0.9754]
m434  +++$+++  [0.9952, -0.549, 0.6701, 0.8911, 0.9967, 0.9848, 0.9784, 0.8613, 0.9898, 0.9442]
m608  +++$+++  [0.9661, 0.8941, 0.9747, -0.5956, -0.8171, 0.9684, 0.9488, -0.8665, -0.9099, -0.814]
m101  +++$+++  [0.9887, 0.9761, 0.9254, 0.8525, -0.9558, 0.9927, 0.9063, -0.9852, -0.953, -0.9873]
m287  +++$+++  [0.9902, 0.9785, 0.7628, 0.9937, -0.5518, 0.994, 0.9909, 0.9891, 0.9623, 0.9161]
m419  +++$+++  [0.9946, 0.9188, 0.9863, 0.9048, 0.9751, -0.9857, 0.9929, -0.9763, -0.9899, 0.9948]
m290  +++$+++  [0.9875, -0.9586, 0.9531, 0.9806, 0.605, -0.9022, 0.9915, -0.9206, -0.9878, 0.992]
m182  +++$+++  [0.5556, 0.9019, -0.829, 0.9659, 0.6569, 0.8989, -0.8915, 0.9631, -0.7446, -0.9799]
m384  +++$+++  [0.9663, 0.9843, 0.9563, 0.9865, -0.8536, -0.6472, -0.9232, -0.8445, -0.8574, 0.7732]
m614  +++$+++  [-0.8504, -0.8589, 0.9658, 0.8627, 0.8765, -0.9369, 0.3975, 0.6072, 0.9474, 0.2635]
m602  +++$+++  [0.0, -0.5719, 0.0, -0.1779, -0.3595, 0.0, 0.0, 0.4019, -0.4939, 0.4019]
m317  +++$+++  [-0.9899, -0.9878, -0.9729, -0.9691, 0.9489, -0.9787, -0.9227, 0.9756, -0.9105, 0.9714]
m42  +++$+++  [0.981, 0.9994, 0.9986, 0.994, 0.7989, 0.9987, 0.999, 0.7956, 0.9979, 0.9977]
m431  +++$+++  [0.9958, -0.9821, 0.9928, 0.9666, 0.9447, -0.9816, 0.9932, 0.9832, 0.9787, -0.7685]
m552  +++$+++  [-0.8412, -0.9946, 0.9977, 0.9926, 0.9917, -0.9447, 0.9927, 0.9886, -0.8949, -0.9297]
m177  +++$+++  [0.9917, 0.9846, 0.8037, 0.993, 0.9628, 0.9919, 0.9608, 0.7656, 0.9908, -0.9691]
m257  +++$+++  [0.8812, -0.9873, 0.699, -0.9461, -0.9763, 0.9487, -0.9951, 0.836, -0.9832, -0.9948]
m160  +++$+++  [0.9065, -0.5867, 0.9879, 0.5267, 0.8999, -0.4951, 0.9943, 0.7548, 0.9973, -0.9104]
m312  +++$+++  [0.9983, 0.9858, -0.9963, 0.9972, 0.9984, 0.9855, 0.9345, 0.9897, 0.9975, -0.9821]
m605  +++$+++  [0.9945, 0.9593, 0.9979, 0.9543, 0.999, 0.9964, 0.9139, 0.9966, 0.9984, 0.9971]
m131  +++$+++  [0.9947, 0.9963, 0.9605, -0.9429, 0.9865, 0.9974, 0.9533, 0.9918, 0.9937, -0.959]
m456  +++$+++  [-0.9488, 0.2387, -0.9065, 0.6948, -0.7527, 0.3125, -0.5574, -0.93, 0.4404, 0.6784]
m137  +++$+++  [0.9944, 0.9368, -0.8226, -0.9285, 0.9686, -0.9955, 0.9183, 0.936, 0.9905, -0.6953]
m153  +++$+++  [-0.7747, 0.8526, 0.9633, 0.7184, 0.9876, 0.9241, -0.9393, 0.8533, -0.7589, 0.978]
m141  +++$+++  [0.9953, -0.9075, 0.9859, 0.96, 0.9979, 0.9616, 0.9981, -0.8882, 0.9817, 0.9933]
m218  +++$+++  [0.7133, 0.372, -0.9662, -0.9815, 0.8474, -0.9587, 0.903, 0.9892, 0.8765, 0.9588]
m194  +++$+++  [0.9974, 0.8435, 0.9739, 0.9964, 0.986, 0.9694, 0.995, 0.9906, 0.9926, 0.9781]
m613  +++$+++  [-0.9571, 0.9746, -0.9912, 0.9068, -0.8219, 0.6128, -0.977, -0.9892, -0.9856, 0.9421]
m144  +++$+++  [0.9917, 0.9985, 0.9975, 0.9981, 0.999, 0.9975, 0.9995, -0.8722, 0.9866, 0.9411]
m171  +++$+++  [0.9239, 0.9713, 0.9763, 0.9522, 0.9802, -0.8166, 0.9942, 0.9765, 0.9484, 0.994]
m445  +++$+++  [0.9071, 0.9955, -0.9842, 0.9773, 0.9907, -0.9099, 0.9907, 0.9896, 0.9198, -0.7875]
m88  +++$+++  [-0.9935, 0.9964, 0.995, 0.9975, 0.9919, -0.9709, -0.9854, 0.9971, 0.8367, 0.9988]
m297  +++$+++  [0.9655, 0.9639, 0.8122, 0.5412, 0.9811, 0.9097, 0.9309, 0.9232, -0.5531, -0.9647]
m63  +++$+++  [0.777, 0.9935, 0.9933, 0.9958, -0.9934, -0.9707, -0.9088, -0.9864, 0.9914, 0.9664]
m169  +++$+++  [-0.919, -0.968, 0.9917, 0.9759, -0.9859, 0.9712, 0.8593, -0.9848, 0.5448, 0.9627]
m181  +++$+++  [-0.9549, 0.9928, 0.9921, 0.9966, 0.9793, 0.9984, 0.9905, 0.997, 0.9923, -0.9414]
m338  +++$+++  [-0.2748, 0.9355, -0.3899, -0.9022, -0.7319, -0.7905, -0.4404, 0.5267, -0.7236, 0.5514]
m334  +++$+++  [0.9971, 0.9858, 0.9968, 0.9936, 0.9517, 0.9965, 0.811, 0.9964, -0.9931, -0.9819]
m573  +++$+++  [0.9972, 0.9952, 0.9966, 0.994, 0.5383, 0.9843, 0.9795, 0.9953, 0.954, 0.9971]
m557  +++$+++  [-0.936, 0.9165, 0.6843, -0.7379, -0.405, 0.9327, 0.8244, -0.4779, -0.8458, 0.9829]
m186  +++$+++  [0.5563, -0.9868, 0.6346, -0.9841, -0.9919, 0.9545, -0.9437, 0.9862, -0.997, -0.972]
m329  +++$+++  [-0.9877, 0.9933, 0.9692, 0.9965, 0.9965, 0.9804, 0.9888, 0.9985, 0.9943, 0.9825]
m14  +++$+++  [-0.645, 0.9911, 0.958, -0.9606, -0.9872, -0.2779, 0.9838, 0.5032, 0.9688, -0.9832]
m549  +++$+++  [0.9237, -0.6606, 0.9538, -0.8538, -0.9687, 0.8242, -0.7944, 0.718, 0.8631, 0.8961]
m289  +++$+++  [0.9981, 0.9995, -0.8092, 0.971, 0.9988, -0.9663, -0.9873, -0.9935, 0.994, -0.9974]
m475  +++$+++  [0.9988, 0.9991, 0.9967, -0.9908, 0.9924, -0.998, -0.9627, -0.9774, -0.9889, -0.9912]
m597  +++$+++  [-0.9928, -0.979, -0.8315, 0.3087, -0.9955, 0.7174, -0.9375, -0.931, 0.9486, -0.9277]
m83  +++$+++  [0.9948, 0.9963, 0.5445, 0.9799, -0.8999, 0.9709, -0.9609, 0.9896, -0.976, 0.978]
m124  +++$+++  [0.9926, 0.9619, 0.9974, 0.9976, 0.9988, 0.9814, 0.9975, 0.9986, 0.9201, -0.9941]
m588  +++$+++  [-0.9381, 0.9981, -0.9979, -0.9821, 0.9977, -0.7701, -0.999, -0.9974, 0.9699, -0.9995]
m208  +++$+++  [0.9957, 0.9981, 0.983, 0.9941, 0.9926, 0.9963, 0.9764, 0.9955, -0.9667, -0.769]
m224  +++$+++  [-0.9554, 0.5802, -0.9272, -0.8877, 0.9962, 0.9762, 0.8677, -0.7135, 0.9599, -0.9929]
m458  +++$+++  [0.9816, 0.9776, 0.9923, 0.9969, -0.6435, 0.9878, 0.9946, 0.9771, 0.9977, 0.9822]
m364  +++$+++  [0.9417, 0.986, -0.6288, 0.7945, -0.7213, -0.9512, 0.9789, 0.4073, -0.996, -0.9798]
m39  +++$+++  [0.5793, -0.934, -0.9936, -0.9488, -0.9603, -0.9873, -0.9405, -0.9764, 0.9654, 0.9684]
m116  +++$+++  [0.6581, -0.6193, 0.9547, 0.9707, -0.5464, 0.988, 0.9917, -0.4335, 0.9762, 0.9912]
m356  +++$+++  [-0.9867, 0.9918, 0.9801, 0.9435, 0.9537, -0.8746, -0.9815, -0.991, 0.9896, 0.9628]
m454  +++$+++  [0.9139, -0.9952, 0.8511, -0.7954, -0.9751, 0.9713, -0.9489, 0.9644, 0.9435, -0.7725]
m423  +++$+++  [-0.9705, -0.9898, -0.9839, 0.9666, -0.9653, 0.9946, -0.9254, 0.9912, 0.9929, 0.9519]
m586  +++$+++  [-0.9994, 0.9927, 0.8877, 0.9957, 0.9961, -0.9978, 0.9715, 0.9809, 0.888, -0.886]
m48  +++$+++  [0.9718, 0.9876, -0.3703, 0.8631, 0.9605, 0.9931, 0.9776, 0.9833, 0.9872, -0.6074]
m302  +++$+++  [0.9013, -0.9332, -0.5594, -0.9881, 0.7059, -0.9313, -0.9097, -0.9626, -0.9904, -0.9906]
m545  +++$+++  [0.8121, 0.9944, -0.9661, 0.9959, -0.9549, 0.9913, 0.9869, -0.9451, 0.9849, 0.9895]
m352  +++$+++  [0.9955, 0.855, 0.9917, 0.7466, -0.9881, 0.9844, 0.9981, 0.9941, 0.9928, 0.9799]
m375  +++$+++  [0.9875, -0.9734, -0.9182, 0.9582, 0.9837, 0.9633, 0.9596, 0.9399, 0.9184, 0.9718]
m331  +++$+++  [0.9916, 0.9885, 0.9968, 0.9909, 0.9894, 0.9531, 0.9937, 0.9818, 0.9941, 0.9983]
m367  +++$+++  [0.9844, 0.8516, 0.8977, 0.8913, 0.9534, -0.9876, -0.6858, -0.9857, 0.9, -0.9587]
m520  +++$+++  [-0.9596, 0.9637, -0.9682, 0.9923, -0.9776, -0.9532, 0.4397, 0.5772, 0.9757, 0.9858]
m397  +++$+++  [0.9874, 0.9081, 0.9867, 0.7856, 0.8926, 0.8644, 0.9316, -0.7506, 0.9967, 0.9963]
m351  +++$+++  [0.5275, 0.7075, -0.9359, -0.5179, 0.9665, -0.9549, 0.5632, -0.8556, -0.9279, -0.948]
m378  +++$+++  [0.9837, 0.9631, -0.9662, 0.9297, 0.9761, -0.9306, -0.9786, -0.9514, 0.7243, -0.9259]
m285  +++$+++  [-0.2932, 0.9954, 0.9981, 0.9962, 0.9992, 0.955, 0.9957, 0.9957, 0.9955, 0.9931]
m25  +++$+++  [0.9772, -0.6861, 0.9946, 0.9123, -0.95, -0.998, -0.9915, -0.982, 0.9927, -0.9983]
m430  +++$+++  [-0.9264, 0.7076, -0.9629, 0.7337, -0.83, -0.9826, -0.3453, -0.9837, -0.7103, -0.9888]
m516  +++$+++  [0.9971, 0.9486, 0.9909, 0.9644, 0.9878, 0.9742, 0.9976, 0.9949, 0.9821, -0.8479]
m266  +++$+++  [0.9964, 0.9987, 0.9994, 0.9966, 0.9994, 0.9993, 0.9997, 0.9996, 0.9992, 0.9997]
m231  +++$+++  [0.9793, -0.8956, -0.9813, 0.9937, 0.9079, -0.967, 0.8076, 0.5723, 0.9623, 0.9538]
m555  +++$+++  [0.9931, 0.9875, 0.9515, 0.9591, 0.9543, -0.9522, 0.887, 0.993, 0.8135, 0.9786]
m559  +++$+++  [0.9003, 0.9714, 0.9577, -0.4039, -0.9153, -0.776, -0.719, -0.4215, -0.8713, 0.8634]
m126  +++$+++  [0.9973, 0.9904, -0.8107, -0.9618, -0.9858, 0.8777, -0.4825, 0.9073, -0.9957, -0.9597]
m494  +++$+++  [0.9771, -0.9772, -0.977, 0.5179, -0.7909, 0.6975, -0.492, 0.9676, 0.9653, -0.999]
m444  +++$+++  [0.9908, 0.9882, 0.7297, -0.9935, 0.9963, 0.9314, 0.996, -0.9221, 0.9645, 0.9718]
m500  +++$+++  [-0.5848, -0.9015, 0.9139, -0.9626, -0.5007, 0.9914, -0.9601, -0.9395, 0.9476, -0.8195]
m270  +++$+++  [0.0, -0.6705, 0.3612, 0.0, -0.0516, 0.8553, -0.4019, -0.3818, 0.0, 0.0]
m479  +++$+++  [0.9917, 0.9975, 0.9895, 0.9984, -0.8983, 0.9951, -0.9724, 0.8879, 0.9958, 0.9567]
m92  +++$+++  [-0.9822, -0.793, -0.9748, 0.9497, -0.9785, 0.9927, -0.4283, -0.9599, -0.7246, 0.9987]
m71  +++$+++  [0.6949, 0.4294, 0.9499, -0.7524, 0.9967, -0.9885, 0.9723, -0.9836, -0.9824, -0.9948]
m240  +++$+++  [-0.9622, 0.9985, 0.9903, 0.9972, 0.9985, -0.9144, 0.9944, 0.9489, 0.9882, 0.9971]
m66  +++$+++  [-0.3662, 0.9872, -0.8374, 0.9918, 0.9793, -0.9888, 0.9064, -0.917, -0.723, 0.9839]
m337  +++$+++  [0.8455, 0.7927, 0.9933, 0.9977, 0.9862, 0.9684, 0.9776, 0.9923, 0.925, 0.9878]
m5  +++$+++  [0.9635, -0.9569, 0.9977, 0.9911, 0.8407, 0.9963, 0.9964, 0.9608, 0.9937, 0.9901]
m427  +++$+++  [0.9966, 0.9919, 0.7309, 0.2815, 0.8593, 0.9905, 0.6928, 0.9956, 0.9926, 0.9856]
m441  +++$+++  [0.9907, 0.9091, 0.9925, 0.9914, 0.9911, 0.9883, 0.9977, 0.9984, 0.9846, 0.9973]
m119  +++$+++  [-0.506, 0.9968, -0.7536, -0.9878, -0.8914, 0.6444, 0.9862, 0.9958, -0.9971, 0.9955]
m484  +++$+++  [-0.4795, 0.5892, 0.8271, 0.7556, -0.0516, 0.25, -0.2152, 0.0, 0.0, -0.785]
m443  +++$+++  [0.9759, -0.9721, -0.9834, 0.6332, 0.9981, -0.7519, -0.9813, -0.6105, 0.9337, 0.9265]
m129  +++$+++  [-0.9707, 0.8909, 0.994, 0.9702, -0.9647, -0.991, 0.9401, 0.8871, 0.5449, -0.9109]
m571  +++$+++  [0.9853, 0.9355, 0.9566, -0.9417, -0.9759, -0.8435, 0.9775, 0.9135, -0.6544, -0.5625]
m24  +++$+++  [0.9936, 0.8938, 0.9961, 0.9869, 0.9928, -0.9765, 0.9967, 0.9856, -0.6501, 0.979]
m576  +++$+++  [0.986, 0.9892, 0.9885, 0.9801, 0.9926, 0.9951, -0.9705, -0.9964, 0.9931, -0.8935]
m390  +++$+++  [0.9878, 0.482, 0.955, -0.9876, 0.9339, -0.3294, 0.9925, 0.9909, -0.9481, 0.6508]
m18  +++$+++  [0.9936, 0.9637, 0.9944, 0.9924, 0.9865, -0.9709, -0.8239, 0.9929, 0.9584, 0.9956]
m6  +++$+++  [0.9943, -0.7273, 0.9684, 0.9786, -0.9342, 0.9593, 0.9921, 0.9951, -0.9944, -0.9859]
m238  +++$+++  [0.9904, 0.9989, 0.9994, 0.9985, 0.9985, -0.6303, 0.9986, 0.9994, 0.999, 0.9979]
m468  +++$+++  [-0.8846, -0.9494, -0.873, 0.9755, 0.9853, 0.7066, 0.9145, -0.9958, 0.885, 0.9226]
m239  +++$+++  [0.9833, 0.8962, 0.9219, 0.9498, -0.8146, 0.988, 0.9774, -0.9592, 0.875, -0.9205]
m235  +++$+++  [0.9855, -0.8486, 0.9913, 0.8986, 0.9692, 0.6197, 0.992, 0.9967, 0.9944, 0.8754]
m38  +++$+++  [0.7641, -0.9959, 0.9783, -0.9699, -0.8388, 0.987, 0.9646, 0.9851, 0.9914, -0.9823]
m264  +++$+++  [0.7703, 0.938, -0.9444, 0.8898, -0.7954, -0.9783, 0.9247, -0.9221, -0.9874, 0.4823]
m609  +++$+++  [-0.937, 0.9869, -0.9301, -0.8732, -0.8014, 0.8714, 0.9607, 0.6367, 0.9475, -0.9897]
m344  +++$+++  [0.9864, 0.9885, 0.9717, 0.9962, 0.995, 0.9965, 0.9544, 0.9941, 0.9883, 0.9884]
m569  +++$+++  [0.9895, 0.9885, 0.9305, 0.7878, 0.9946, 0.939, -0.7058, 0.9794, 0.8225, -0.997]
m606  +++$+++  [0.9947, -0.996, -0.5897, -0.9987, 0.7358, 0.9842, -0.9707, -0.9381, -0.5757, 0.9028]
m55  +++$+++  [0.8317, 0.9969, 0.9982, 0.9877, 0.9794, 0.995, 0.9973, 0.9991, 0.9992, 0.9969]
m326  +++$+++  [0.7443, 0.9315, 0.9699, -0.9732, -0.9388, 0.9763, -0.983, 0.9628, -0.9774, -0.9926]
m172  +++$+++  [0.9373, 0.9971, 0.9639, 0.9983, 0.995, 0.9905, -0.9929, 0.982, 0.9185, 0.9954]
m298  +++$+++  [0.9862, 0.9982, 0.9655, 0.5688, 0.9938, -0.9083, 0.9919, 0.9854, 0.9968, 0.8778]
m590  +++$+++  [-0.3895, 0.7977, -0.9735, 0.8881, 0.9203, -0.877, -0.9788, -0.8478, -0.9791, 0.7012]
m357  +++$+++  [-0.9539, -0.6836, -0.741, 0.3923, 0.9483, -0.8553, 0.8253, 0.9586, -0.9429, 0.9366]
m309  +++$+++  [-0.9821, 0.9658, 0.9664, 0.8725, -0.9904, -0.9844, 0.946, -0.9311, 0.9008, -0.9725]
m473  +++$+++  [-0.8908, 0.9721, -0.8444, 0.9571, -0.7187, -0.5687, -0.9756, 0.7614, 0.9313, -0.5373]
m112  +++$+++  [0.9494, 0.8383, -0.7856, -0.5877, -0.8768, -0.9691, -0.9706, -0.9808, -0.9982, -0.9373]
m204  +++$+++  [0.9912, 0.9992, 0.9925, 0.9988, 0.9683, 0.9448, 0.8691, 0.9932, 0.986, 0.6934]
m161  +++$+++  [0.9986, 0.9993, 0.9984, 0.9951, 0.9984, 0.9995, 0.9977, 0.992, 0.9976, 0.9975]
m205  +++$+++  [0.9709, 0.9804, -0.4582, 0.9919, 0.9946, 0.9684, -0.9172, 0.9863, -0.9954, 0.9868]
m537  +++$+++  [-0.9971, 0.7876, 0.9974, 0.9997, 0.9944, -0.665, -0.9893, -0.9947, -0.9754, -0.8404]
m392  +++$+++  [0.9918, 0.9751, 0.9804, 0.8961, 0.4957, -0.9897, 0.9793, -0.9591, 0.9862, -0.9368]
m585  +++$+++  [0.982, 0.8751, -0.8422, 0.975, 0.978, -0.3796, 0.9805, 0.8303, 0.9888, 0.9406]
m188  +++$+++  [-0.9229, -0.5308, 0.974, -0.9655, -0.9623, 0.9561, 0.9176, 0.9919, 0.8133, -0.6574]
m78  +++$+++  [0.9958, 0.977, 0.9929, 0.7079, 0.9988, 0.9957, 0.9952, 0.9982, 0.996, 0.9966]
m120  +++$+++  [0.9336, 0.9776, -0.9947, 0.994, 0.9968, -0.9579, 0.9927, 0.944, 0.9957, -0.9988]
m506  +++$+++  [0.9506, -0.9856, -0.9963, -0.5599, -0.9983, -0.9989, -0.9913, -0.99, 0.8639, -0.9958]
m353  +++$+++  [0.9823, -0.9667, 0.9291, 0.9469, 0.9839, -0.9289, 0.9913, 0.9878, 0.9954, 0.9861]
m548  +++$+++  [0.9002, 0.9975, 0.7524, 0.6917, 0.9969, 0.9971, 0.9969, 0.7421, -0.9597, 0.9933]
m311  +++$+++  [-0.9923, -0.9839, -0.8415, -0.8875, -0.9902, 0.9409, -0.9154, -0.9931, -0.836, 0.9169]
m187  +++$+++  [0.928, -0.9919, 0.9839, -0.9504, 0.9611, -0.9075, -0.6555, -0.9779, 0.9756, -0.9095]
m210  +++$+++  [0.9349, 0.6031, -0.9676, -0.9911, -0.9843, -0.9422, -0.8941, -0.9905, -0.8731, -0.993]
m12  +++$+++  [0.9829, -0.8912, -0.8707, -0.9459, 0.9501, 0.8683, 0.9832, 0.9906, 0.9554, -0.9537]
m170  +++$+++  [-0.9949, -0.9988, -0.9979, -0.992, -0.9977, -0.9974, -0.9991, -0.9921, -0.6155, -0.9948]
m163  +++$+++  [0.9987, 0.9986, 0.9977, 0.9986, 0.9969, 0.9978, 0.9981, 0.934, 0.9986, -0.9979]
m215  +++$+++  [0.9939, 0.8295, -0.9927, -0.9959, -0.9956, -0.918, -0.9951, -0.9326, -0.9971, 0.9919]
m76  +++$+++  [0.9976, 0.9328, 0.995, -0.8126, -0.99, 0.9847, 0.9972, 0.9694, 0.9922, 0.9175]
m333  +++$+++  [-0.8882, 0.9981, -0.9828, -0.8424, 0.9219, -0.8909, 0.9972, 0.6649, -0.955, 0.916]
m579  +++$+++  [0.9601, 0.9849, 0.9882, 0.9503, -0.9512, -0.954, 0.5792, -0.9208, 0.9468, 0.9618]
m223  +++$+++  [-0.9877, -0.9964, 0.9036, -0.988, -0.9815, -0.9761, -0.9735, 0.9392, -0.9816, -0.953]
m556  +++$+++  [-0.9932, -0.6499, 0.933, -0.9615, -0.9814, 0.9341, 0.9399, 0.4532, -0.9797, 0.9576]
m305  +++$+++  [0.9728, 0.8794, 0.9802, 0.9814, 0.941, -0.4784, 0.9922, 0.9878, -0.971, 0.9199]
m49  +++$+++  [-0.969, 0.9729, 0.585, -0.9865, 0.8157, -0.9915, 0.9822, -0.9172, 0.6947, -0.8924]
m398  +++$+++  [0.8733, -0.8687, 0.9202, -0.4932, 0.8576, 0.6783, 0.9825, -0.8281, 0.8736, -0.9019]
m478  +++$+++  [0.2153, 0.9736, 0.9174, -0.8253, -0.8577, -0.79, -0.8105, 0.8078, -0.9555, -0.8603]
m482  +++$+++  [0.9682, -0.5853, 0.5007, -0.9824, -0.84, -0.9618, -0.6548, 0.7753, -0.918, 0.9285]
m519  +++$+++  [0.9973, 0.9965, 0.9323, -0.9953, 0.9964, -0.9962, 0.9971, 0.9451, 0.6811, 0.9986]
m496  +++$+++  [-0.9881, -0.63, -0.9884, -0.9858, -0.8762, -0.9735, 0.3388, -0.9142, 0.8864, 0.9841]
m64  +++$+++  [0.9238, 0.8921, 0.9444, -0.9738, 0.9062, -0.4906, 0.9027, 0.9286, 0.7353, 0.8359]
m594  +++$+++  [0.8643, 0.7129, 0.9986, 0.9635, -0.8754, 0.7426, 0.9955, 0.9968, 0.9974, 0.9894]
m526  +++$+++  [0.998, 0.9887, 0.99, 0.9114, 0.9929, 0.9562, -0.9248, -0.9113, 0.8747, 0.8693]
m492  +++$+++  [-0.4956, 0.9917, 0.8499, -0.6708, 0.9048, 0.9005, 0.9763, -0.9446, -0.9548, 0.9824]
m361  +++$+++  [-0.6488, 0.988, -0.9003, 0.276, 0.6412, -0.9071, -0.8887, 0.8657, -0.9479, 0.9555]
m529  +++$+++  [0.874, 0.9, 0.9738, -0.9224, -0.9775, -0.9065, 0.9299, -0.9226, 0.9474, 0.9954]
m130  +++$+++  [0.993, 0.9752, 0.8794, 0.9392, -0.9602, 0.9806, 0.9899, 0.9793, 0.997, 0.9943]
m136  +++$+++  [0.9879, -0.5796, -0.9832, 0.9707, 0.982, 0.8719, -0.938, -0.9599, 0.9877, -0.9931]
m9  +++$+++  [-0.951, 0.925, 0.9692, -0.8829, -0.6734, 0.9385, -0.9251, -0.774, -0.8529, 0.9336]
m21  +++$+++  [0.9817, 0.9482, 0.9421, 0.682, 0.9639, 0.9404, 0.9368, 0.906, 0.9554, 0.9864]
m572  +++$+++  [0.7608, -0.9787, 0.9216, -0.4521, 0.5109, 0.793, 0.9055, -0.8553, -0.9876, -0.9697]
m117  +++$+++  [0.9861, 0.9917, 0.9966, 0.9665, -0.9282, -0.939, 0.9961, 0.9964, 0.9861, 0.5978]
m604  +++$+++  [0.2939, 0.9614, -0.8885, -0.3486, -0.9608, -0.9828, 0.6765, -0.7933, 0.9791, -0.9846]
m252  +++$+++  [0.9803, 0.8851, 0.7811, 0.9925, 0.9593, 0.9905, 0.9785, 0.9751, -0.9135, 0.9784]
m354  +++$+++  [0.9629, 0.8382, 0.9619, -0.8828, 0.2869, 0.9778, 0.9445, 0.5894, 0.5184, 0.9613]
m50  +++$+++  [-0.9933, -0.9177, 0.9022, 0.7668, 0.9772, 0.9802, 0.9191, -0.9445, -0.989, -0.8808]
m472  +++$+++  [-0.9845, 0.968, 0.9698, -0.9613, -0.8775, -0.9647, -0.958, -0.972, 0.8457, -0.668]
m581  +++$+++  [0.9605, -0.9697, 0.9923, 0.9985, 0.924, 0.9921, 0.9949, 0.3167, -0.9778, -0.7193]
m499  +++$+++  [0.9925, 0.9974, 0.9972, 0.995, 0.9939, 0.9928, 0.9763, 0.9965, 0.9672, 0.9913]
m31  +++$+++  [0.9871, 0.9008, 0.9171, -0.967, 0.9857, -0.9701, -0.7571, -0.8088, -0.5166, 0.56]
m103  +++$+++  [0.9978, 0.9902, 0.988, 0.999, 0.9975, 0.9078, 0.9909, 0.9972, 0.9941, 0.9993]
m385  +++$+++  [0.947, 0.9456, 0.9793, 0.968, -0.942, -0.9457, 0.8991, -0.7229, -0.9876, 0.8876]
m396  +++$+++  [-0.7625, 0.9326, 0.9703, 0.9938, 0.9785, -0.9029, -0.931, 0.9681, 0.9746, -0.9981]
m391  +++$+++  [-0.9684, -0.9147, -0.5081, -0.9737, -0.9816, -0.9541, -0.9938, 0.5496, -0.9817, 0.4964]
m159  +++$+++  [0.9327, -0.985, 0.9974, 0.9239, 0.9591, 0.7488, -0.9663, 0.9925, 0.964, -0.71]
m190  +++$+++  [-0.9761, 0.7496, 0.9912, -0.9114, 0.9735, 0.9254, 0.9658, -0.8269, -0.7694, 0.9688]
m56  +++$+++  [0.9943, 0.9578, 0.9968, 0.9737, 0.9649, 0.9126, 0.82, -0.8878, -0.9878, 0.8691]
m256  +++$+++  [0.9976, 0.8659, 0.5899, 0.9829, 0.8865, 0.8336, -0.983, 0.9942, 0.9991, -0.9563]
m536  +++$+++  [-0.934, -0.9621, -0.9476, -0.9818, 0.9963, -0.6989, 0.9436, -0.9907, -0.9808, 0.8745]
m374  +++$+++  [0.9977, -0.6095, 0.8791, -0.9239, -0.8882, 0.8848, 0.9825, 0.9937, 0.998, 0.9554]
m341  +++$+++  [0.9967, 0.9915, -0.9908, 0.9419, -0.9659, -0.9286, 0.9919, 0.9826, -0.9731, -0.9931]
m558  +++$+++  [0.978, 0.9964, 0.9977, -0.9836, -0.8421, 0.9668, 0.5013, 0.9965, 0.9614, 0.9878]
m442  +++$+++  [0.546, 0.8428, -0.8186, 0.9882, 0.8457, 0.9963, -0.8622, -0.9882, -0.9911, 0.8819]
m263  +++$+++  [0.9924, -0.8678, 0.9488, 0.9902, 0.9948, 0.9643, 0.9971, 0.5711, 0.9947, 0.9684]
m542  +++$+++  [-0.9039, 0.9683, 0.8741, 0.9843, 0.9884, 0.977, 0.9926, -0.738, 0.9259, 0.9814]
m226  +++$+++  [0.9836, 0.9688, 0.7682, 0.971, 0.9104, 0.935, -0.8937, 0.6342, 0.913, -0.8618]
m547  +++$+++  [0.8829, 0.9278, 0.9722, -0.9868, -0.934, -0.7236, 0.9455, -0.9974, 0.388, -0.9863]
m518  +++$+++  [0.9985, 0.9982, 0.8315, 0.6921, 0.9447, 0.765, 0.9995, 0.9991, 0.9984, 0.9972]
m440  +++$+++  [0.9003, 0.9621, -0.9325, -0.3983, -0.8502, 0.7306, -0.8634, -0.9641, -0.9724, -0.8517]
m523  +++$+++  [0.9965, 0.937, -0.7083, -0.9853, 0.9521, -0.9851, 0.977, -0.956, -0.986, 0.9672]
m369  +++$+++  [0.9962, -0.7571, 0.9967, 0.9605, 0.9954, 0.938, -0.6911, 0.8839, 0.992, 0.9973]
m118  +++$+++  [0.9824, 0.9809, -0.9804, -0.6906, 0.9972, -0.5125, 0.9895, 0.9844, -0.6728, 0.9983]
m209  +++$+++  [0.9678, 0.9946, 0.993, -0.8927, 0.9944, 0.9295, -0.5542, -0.7221, 0.9942, -0.9844]
m415  +++$+++  [-0.9791, 0.9033, 0.9835, 0.4985, 0.9681, -0.9897, -0.9566, -0.5365, -0.3424, 0.9923]
m546  +++$+++  [0.9977, 0.9919, 0.9779, -0.9869, 0.9983, 0.9654, 0.998, 0.9979, -0.9688, -0.5817]
m376  +++$+++  [0.9952, 0.9927, -0.8571, 0.9979, 0.9971, 0.9959, 0.9991, 0.9984, 0.9971, 0.987]
m229  +++$+++  [-0.9446, -0.9978, 0.9949, -0.9907, 0.9976, 0.9862, 0.9921, 0.9864, -0.9313, 0.9871]
m301  +++$+++  [0.9921, 0.994, -0.9975, -0.9504, 0.9751, 0.7788, 0.9129, 0.9961, 0.9952, 0.9968]
m157  +++$+++  [-0.2664, 0.987, -0.9943, 0.9953, 0.6033, 0.9456, 0.4253, 0.9086, -0.3328, -0.9082]
m268  +++$+++  [0.9121, -0.4445, 0.9612, 0.9427, 0.6453, 0.9736, -0.835, -0.6148, 0.9806, 0.9324]
m349  +++$+++  [0.9858, -0.9898, -0.3785, -0.9928, -0.9798, -0.9826, -0.8876, -0.9056, -0.9365, -0.9911]
m476  +++$+++  [0.9867, 0.9946, 0.9405, 0.9978, 0.9439, 0.8755, 0.9896, -0.5374, 0.9435, 0.9874]
m410  +++$+++  [-0.8288, -0.1744, 0.9847, 0.8713, -0.9457, -0.9241, -0.992, 0.5943, -0.9862, -0.9643]
m58  +++$+++  [0.9674, 0.9885, 0.8187, 0.9951, 0.8532, -0.691, 0.9686, 0.9742, 0.9178, 0.6334]
m485  +++$+++  [0.9964, 0.7821, 0.9774, 0.9962, 0.9905, 0.9708, 0.9963, -0.9115, 0.9659, 0.8897]
m487  +++$+++  [0.9726, 0.9994, -0.9941, 0.986, 0.9975, 0.9986, 0.9934, -0.8722, 0.9856, -0.9828]
m77  +++$+++  [0.9732, 0.992, 0.9985, 0.9956, -0.5499, -0.9072, -0.6738, 0.992, 0.8496, 0.9648]
m512  +++$+++  [0.9692, 0.9913, 0.9461, -0.9838, 0.996, 0.9908, 0.866, -0.681, 0.9949, 0.9822]
m580  +++$+++  [0.594, 0.9409, -0.2173, -0.7703, -0.6664, 0.7219, 0.4857, 0.5869, -0.902, 0.4314]
m146  +++$+++  [0.9921, -0.9594, 0.9909, 0.9488, -0.6168, 0.5269, -0.8211, -0.8571, 0.9131, -0.9844]
m122  +++$+++  [0.9844, -0.9477, 0.9792, -0.9727, 0.8917, -0.956, 0.9257, 0.909, 0.9465, 0.7578]
m401  +++$+++  [-0.9925, 0.8581, 0.9757, -0.9945, -0.9475, 0.9056, -0.9556, -0.9631, -0.959, 0.9448]
m412  +++$+++  [0.9328, -0.9123, -0.976, -0.8105, -0.9926, 0.8397, -0.9345, -0.9234, -0.9846, -0.9936]
m553  +++$+++  [0.9945, 0.8757, -0.9817, 0.5938, 0.9837, 0.9891, -0.9904, -0.7744, 0.9977, 0.5369]
m19  +++$+++  [-0.9503, -0.9052, 0.9174, 0.9924, -0.9853, 0.9565, 0.9548, 0.7154, 0.992, -0.9911]
m36  +++$+++  [0.9982, -0.9792, 0.9972, 0.9979, 0.9883, 0.9975, 0.9918, -0.6968, 0.9936, 0.9627]
m84  +++$+++  [0.9719, 0.9988, 0.9977, 0.9911, 0.9975, 0.9696, 0.99, -0.9765, 0.9864, 0.9991]
m521  +++$+++  [0.7184, 0.4086, 0.4137, 0.865, 0.4019, -0.234, -0.5904, 0.7124, -0.3296, -0.6608]
m293  +++$+++  [0.9984, 0.9986, -0.9946, -0.9683, -0.9692, 0.9969, 0.8904, 0.9963, 0.9905, -0.6308]
m449  +++$+++  [-0.9805, 0.9837, 0.9943, 0.9794, -0.5581, -0.804, 0.9575, -0.9699, -0.9834, 0.9322]
m281  +++$+++  [0.9957, 0.9875, 0.9745, -0.9856, -0.9758, -0.9941, -0.8763, -0.9967, -0.9222, -0.9906]
m220  +++$+++  [0.9837, 0.9861, 0.9706, -0.5545, -0.9955, 0.8896, 0.9764, 0.991, 0.9427, 0.5873]
m192  +++$+++  [0.9891, 0.9949, 0.9314, 0.977, -0.95, 0.99, 0.9751, -0.972, -0.9883, 0.9728]
m450  +++$+++  [0.9822, 0.998, 0.9956, 0.9988, 0.9963, 0.991, 0.9919, 0.9963, 0.9959, 0.9975]
m175  +++$+++  [0.9841, 0.9886, 0.9966, 0.9967, 0.4874, 0.9911, 0.9275, -0.9947, 0.999, -0.9894]
m185  +++$+++  [-0.9308, -0.8151, -0.6512, -0.7697, -0.8202, 0.5455, -0.8792, 0.9929, 0.9782, 0.997]
m291  +++$+++  [-0.9488, -0.9232, 0.5888, 0.7443, 0.9625, 0.4777, -0.9624, -0.9416, -0.9829, 0.9855]
m540  +++$+++  [-0.8345, 0.818, 0.9902, 0.9857, 0.9979, 0.9217, 0.9795, 0.9883, -0.9776, -0.6796]
m70  +++$+++  [0.7647, -0.9522, -0.6322, 0.9981, 0.9741, 0.9984, 0.9974, 0.7874, -0.718, -0.7245]
m315  +++$+++  [0.9512, 0.9578, -0.9684, 0.7242, 0.7647, 0.8563, 0.4329, 0.6868, 0.4583, 0.8456]
m150  +++$+++  [-0.9997, -0.995, -0.9835, -0.9031, -0.9977, -0.9891, -0.9989, -0.9986, -0.998, -0.9632]
m199  +++$+++  [0.5729, 0.8727, 0.8483, -0.9417, 0.9943, 0.9961, -0.8771, 0.9914, -0.9279, 0.963]
m429  +++$+++  [0.8808, 0.9971, 0.9989, -0.9958, -0.9873, -0.8751, 0.9427, -0.9554, -0.8635, -0.9832]
m342  +++$+++  [0.6587, 0.9852, 0.9665, 0.9985, 0.9881, 0.9994, 0.994, 0.9973, -0.9931, 0.9717]
m105  +++$+++  [-0.9967, -0.9893, 0.4172, 0.9869, 0.5137, 0.9969, 0.9637, 0.9896, -0.987, 0.9511]
m405  +++$+++  [-0.9274, 0.9841, 0.8789, -0.7801, 0.9138, 0.9915, 0.9013, 0.9352, 0.9665, -0.9952]
m345  +++$+++  [0.9674, 0.9885, 0.8187, 0.9911, 0.9527, -0.891, 0.9622, 0.9686, 0.8619, -0.66]
m198  +++$+++  [0.9967, 0.9663, 0.9916, 0.9967, -0.9284, 0.9879, 0.9785, 0.8549, -0.5134, 0.7689]
m589  +++$+++  [0.858, 0.9965, -0.9961, -0.9951, -0.9912, 0.9435, 0.8744, -0.9795, -0.9916, -0.9834]
m399  +++$+++  [-0.9268, 0.9697, -0.9752, 0.9891, -0.969, 0.8421, -0.9923, -0.5787, -0.996, 0.6325]
m531  +++$+++  [0.9674, 0.9186, 0.5749, 0.9197, -0.7379, 0.6954, 0.9099, 0.6848, 0.9788, 0.8054]
m0  +++$+++  [0.8309, -0.8975, 0.997, 0.7061, 0.9766, 0.9872, 0.9585, -0.8694, 0.9562, -0.9413]
m86  +++$+++  [-0.9934, -0.7941, 0.6911, -0.9845, -0.477, 0.5618, 0.9741, -0.3227, 0.9272, 0.8655]
m100  +++$+++  [0.9954, 0.5075, 0.9365, 0.8394, 0.9932, 0.9932, -0.8487, 0.9808, 0.988, 0.9957]
m550  +++$+++  [0.9939, 0.9924, 0.9894, 0.9213, 0.9636, -0.9649, 0.9718, 0.9746, -0.9936, 0.9716]
m203  +++$+++  [0.9165, 0.9879, 0.9665, 0.2761, -0.8277, 0.7017, -0.9867, 0.988, 0.9928, 0.9776]
m601  +++$+++  [0.972, 0.996, -0.9806, 0.7495, -0.98, 0.8887, 0.9837, 0.9571, -0.9591, -0.8197]
m93  +++$+++  [0.9934, 0.9972, 0.9993, 0.9856, 0.9992, 0.9986, 0.9992, 0.9957, 0.9657, 0.9874]
m503  +++$+++  [0.9984, 0.9972, 0.9993, 0.9986, 0.9862, 0.9967, 0.9835, -0.9205, 0.9886, 0.977]
m30  +++$+++  [0.7223, 0.9796, 0.9652, 0.571, 0.9715, 0.9909, 0.9792, 0.9913, 0.9741, 0.996]
m142  +++$+++  [0.9225, -0.96, 0.9171, 0.9938, -0.9528, 0.9842, -0.9981, 0.767, -0.9329, -0.9725]
m148  +++$+++  [-0.9729, -0.9886, -0.9286, 0.5308, -0.3792, 0.9666, 0.9616, 0.9612, 0.6154, 0.9619]
m480  +++$+++  [-0.7637, 0.9888, -0.9819, 0.9226, 0.9847, -0.9861, -0.9538, 0.988, 0.9903, -0.9825]
m564  +++$+++  [0.9936, 0.9978, 0.948, 0.8565, 0.9917, -0.982, -0.9873, -0.9962, -0.9989, -0.9579]
m525  +++$+++  [-0.9968, -0.9885, -0.99, -0.9964, -0.9704, -0.9884, -0.8967, 0.9164, -0.9734, 0.9658]
m495  +++$+++  [0.9882, -0.9943, 0.9919, -0.9755, 0.9449, 0.9957, 0.8836, -0.9809, 0.9463, -0.9968]
m574  +++$+++  [0.9554, 0.9836, 0.9934, 0.7808, 0.9953, 0.972, 0.9746, -0.845, 0.6988, 0.9645]
m615  +++$+++  [0.9709, 0.9075, 0.9971, 0.7684, 0.9987, 0.984, 0.9715, 0.9953, 0.9893, 0.9954]
m97  +++$+++  [-0.9838, 0.7979, 0.8673, 0.5016, 0.9351, 0.5202, 0.9527, -0.9365, -0.7848, 0.6568]
m348  +++$+++  [-0.9537, 0.906, 0.9312, -0.9904, -0.9131, 0.9813, -0.9883, -0.9953, -0.9537, 0.9601]
m316  +++$+++  [0.9929, 0.9887, 0.9265, 0.9942, 0.9863, -0.8418, -0.9277, 0.9624, -0.7878, 0.9151]
m128  +++$+++  [0.9424, -0.5463, 0.8313, 0.8301, -0.9611, 0.9976, 0.9796, -0.9378, 0.9956, -0.994]
m243  +++$+++  [-0.9213, 0.9927, 0.9948, 0.9966, 0.9995, 0.9993, 0.996, 0.9995, 0.9992, 0.9986]
m437  +++$+++  [0.899, -0.9806, -0.9011, -0.941, -0.8093, -0.7822, -0.2983, -0.912, 0.9769, 0.6891]
m296  +++$+++  [0.9948, 0.9735, 0.7756, -0.9759, 0.9743, -0.9385, 0.9935, -0.995, -0.725, 0.9841]
m535  +++$+++  [0.6347, 0.6677, 0.7714, 0.6984, -0.9656, -0.9561, 0.7157, -0.7908, -0.6751, 0.9333]
m486  +++$+++  [0.4329, 0.0, 0.1877, -0.2869, -0.3612, -0.5267, 0.7212, 0.763, 0.8343, -0.211]
m110  +++$+++  [0.9942, -0.9828, 0.948, 0.7816, -0.9566, -0.996, -0.9495, -0.9311, -0.9963, -0.9696]
m134  +++$+++  [-0.8796, -0.8192, 0.5204, 0.4177, -0.8672, 0.6934, 0.796, 0.8455, -0.8535, 0.8736]
m44  +++$+++  [0.9864, -0.9502, 0.9719, 0.9964, 0.9949, 0.8914, 0.9517, 0.9768, 0.9797, -0.9768]
m616  +++$+++  [0.9416, 0.9504, 0.879, 0.4299, -0.5775, 0.8261, -0.6959, 0.6411, 0.924, 0.9623]
m32  +++$+++  [0.9061, -0.9916, -0.9658, -0.9969, 0.985, 0.954, -0.9498, 0.9859, -0.9141, 0.9988]
m578  +++$+++  [0.9948, 0.9774, -0.9876, -0.9805, -0.7684, -0.9701, -0.798, -0.5391, -0.6651, -0.8998]
m566  +++$+++  [-0.5993, 0.9962, 0.9374, 0.2842, 0.8691, 0.7047, 0.9803, -0.6279, -0.9155, 0.9588]
m488  +++$+++  [0.9379, 0.9918, -0.7954, 0.9666, -0.8513, 0.9674, 0.9751, 0.7963, -0.9382, 0.9613]
m501  +++$+++  [0.5675, -0.9826, 0.9513, -0.9793, -0.9861, 0.9092, -0.9363, -0.9952, -0.7717, -0.9305]
m504  +++$+++  [0.9843, 0.9829, 0.9908, -0.8129, 0.9887, -0.9935, -0.5298, 0.9528, -0.7501, 0.9692]
m99  +++$+++  [0.7018, -0.9442, 0.987, -0.8251, 0.9857, -0.9773, -0.988, -0.9813, 0.8467, 0.9719]
m72  +++$+++  [-0.6094, 0.9974, 0.9987, -0.63, 0.999, 0.9634, 0.9979, -0.8082, 0.9983, 0.9622]
m497  +++$+++  [-0.9186, 0.9713, 0.989, -0.9894, -0.9882, -0.9591, -0.9711, -0.9166, 0.8656, -0.9606]
m197  +++$+++  [0.9364, 0.9919, -0.9526, -0.9248, 0.7764, -0.9206, -0.9837, -0.9958, -0.8943, 0.7189]
m595  +++$+++  [-0.9733, -0.9781, 0.9594, -0.9974, -0.9962, 0.9914, -0.9826, -0.9822, -0.9978, 0.9896]
m28  +++$+++  [0.9958, 0.9962, 0.9963, 0.9949, 0.9923, 0.997, 0.9987, 0.9996, 0.9986, 0.9956]
m560  +++$+++  [-0.974, -0.9815, -0.6484, -0.9902, -0.9853, -0.9915, -0.7718, 0.944, -0.9902, -0.9854]
m106  +++$+++  [0.9831, 0.9556, -0.7844, -0.984, -0.7133, -0.9994, 0.9153, 0.9946, 0.9845, -0.9763]
m365  +++$+++  [0.6809, -0.4892, -0.9584, -0.9935, -0.798, -0.9816, -0.977, 0.9779, -0.9373, 0.9449]
m400  +++$+++  [0.9786, 0.5712, 0.6525, 0.8839, 0.9922, 0.9755, -0.9535, -0.9457, -0.9931, 0.9884]
m319  +++$+++  [-0.9562, 0.9725, -0.9412, -0.9802, -0.9481, 0.7448, -0.9757, -0.6408, -0.7236, 0.7178]
m420  +++$+++  [-0.45, -0.6391, -0.98, -0.9556, 0.9767, 0.6456, 0.9826, -0.9922, -0.4815, 0.9529]
m242  +++$+++  [-0.9186, 0.9484, 0.9957, 0.9281, 0.9511, 0.9209, 0.9444, -0.9694, -0.9453, 0.8627]
m413  +++$+++  [0.9938, 0.4802, 0.9932, -0.9559, -0.9932, -0.9489, 0.9862, 0.9882, 0.8553, 0.9403]
m508  +++$+++  [-0.982, -0.9902, 0.9655, 0.8627, -0.9938, -0.9955, -0.9903, -0.9938, 0.9764, -0.951]
m563  +++$+++  [0.9848, -0.669, 0.9962, -0.7655, -0.9738, -0.9466, -0.7984, 0.9315, 0.7016, -0.9915]
m498  +++$+++  [0.9761, 0.9846, 0.9975, 0.996, 0.7189, 0.9936, 0.9751, 0.9655, 0.9991, 0.9816]
m109  +++$+++  [0.9978, 0.9967, 0.9905, 0.9992, 0.9903, 0.9948, 0.9987, 0.9605, 0.9965, 0.9987]
m422  +++$+++  [0.9927, 0.8547, -0.5878, -0.9874, -0.9315, 0.9864, -0.7612, -0.7891, -0.9568, -0.9554]
m350  +++$+++  [-0.8962, 0.7485, 0.9626, -0.9175, -0.9899, 0.168, -0.9094, 0.9034, -0.6222, -0.8894]
m232  +++$+++  [0.7482, -0.96, -0.42, -0.9757, 0.8668, 0.979, 0.9221, 0.9563, 0.9187, -0.8931]
m562  +++$+++  [0.8343, 0.9931, -0.9118, -0.9049, 0.979, 0.9814, 0.9628, 0.9766, 0.97, 0.9914]
m234  +++$+++  [0.9963, -0.9727, 0.9891, 0.9414, -0.9496, -0.9843, 0.9053, 0.9914, 0.6788, -0.9962]
m426  +++$+++  [-0.5732, -0.9361, 0.9961, 0.9824, 0.5766, 0.9832, -0.9821, -0.9811, -0.9929, 0.9784]
m212  +++$+++  [-0.7516, 0.9917, 0.9854, 0.9447, 0.9594, -0.9834, 0.6996, 0.7499, 0.7914, 0.8188]
m286  +++$+++  [0.9343, 0.9718, 0.9926, 0.6942, 0.9895, 0.9831, 0.982, 0.983, 0.9847, 0.9805]
m570  +++$+++  [0.4829, -0.9868, 0.992, -0.9902, -0.9782, -0.9639, -0.9976, -0.9956, -0.9338, -0.438]
m201  +++$+++  [0.9714, -0.998, -0.9553, 0.5825, -0.9991, -0.9984, -0.9991, -0.9023, -0.9936, -0.9064]
m554  +++$+++  [-0.9602, -0.9848, 0.9017, 0.7267, 0.9589, -0.9529, 0.625, -0.9622, -0.9886, -0.957]
m51  +++$+++  [0.9535, 0.975, 0.8931, -0.6011, 0.8793, 0.9948, 0.8367, 0.9925, 0.9688, 0.9794]
m165  +++$+++  [-0.9907, 0.9963, 0.9291, 0.9933, -0.613, 0.973, -0.9853, -0.6621, -0.9734, 0.9679]
m20  +++$+++  [0.9818, 0.999, 0.9937, -0.5364, -0.3511, -0.9849, 0.9248, 0.9886, -0.9546, -0.8739]
m477  +++$+++  [0.9682, 0.9051, 0.6126, 0.9544, 0.7436, 0.9261, -0.7989, 0.8571, -0.9555, -0.9817]
m466  +++$+++  [0.9887, 0.9684, -0.9622, -0.9486, 0.9343, 0.9168, 0.9615, 0.6872, 0.9495, 0.9935]
m425  +++$+++  [0.9485, 0.9837, -0.8533, 0.9943, 0.9949, 0.9779, 0.9521, 0.9796, 0.9828, 0.9631]
m213  +++$+++  [-0.8649, -0.9888, -0.8856, -0.9539, -0.8971, -0.8608, -0.9017, -0.9955, -0.9879, -0.835]
m87  +++$+++  [0.7743, 0.9894, -0.9173, 0.9608, 0.7775, 0.9844, -0.9419, -0.6488, 0.6583, -0.996]
m509  +++$+++  [-0.8233, 0.86, 0.8537, 0.9855, 0.9359, 0.9329, -0.9106, -0.8421, -0.7768, 0.5041]
m176  +++$+++  [0.7851, 0.9384, -0.7489, -0.627, 0.8832, 0.8922, 0.992, 0.9867, -0.9022, 0.994]
m183  +++$+++  [-0.9755, -0.977, -0.9776, -0.8685, 0.8839, 0.8852, 0.7039, 0.584, -0.9704, -0.9912]
m599  +++$+++  [0.9205, 0.9979, 0.9981, 0.9631, 0.9984, 0.9976, 0.9979, -0.7934, -0.8325, 0.9666]
m416  +++$+++  [0.9692, 0.9623, 0.9903, -0.9954, 0.969, 0.6016, 0.9779, 0.9614, 0.9899, 0.9981]
m123  +++$+++  [0.9734, -0.7905, -0.9957, -0.5575, 0.9904, 0.9854, 0.9906, 0.9616, 0.9659, 0.9557]
m513  +++$+++  [0.995, 0.9986, 0.9991, 0.9515, -0.8466, 0.9957, 0.9718, 0.9958, 0.9765, -0.9943]
m346  +++$+++  [-0.9452, -0.9436, 0.9874, -0.595, -0.9906, -0.834, -0.6926, 0.9737, 0.7153, 0.8179]
m388  +++$+++  [0.9917, 0.98, 0.9913, 0.9422, -0.9903, 0.9795, 0.6096, 0.9948, 0.9735, 0.9488]
m96  +++$+++  [0.9568, 0.9762, 0.9527, -0.4763, 0.893, 0.7941, 0.7253, 0.7399, -0.2681, 0.7767]
m57  +++$+++  [0.9933, 0.9939, -0.9459, -0.9585, -0.9727, -0.9779, -0.9943, 0.9661, -0.9748, -0.9959]
m543  +++$+++  [0.981, 0.9744, -0.8302, 0.9848, 0.8071, -0.9395, -0.9244, 0.9574, -0.9599, 0.9961]
m173  +++$+++  [-0.8968, -0.9936, -0.4856, 0.9226, 0.8586, -0.9401, -0.9963, 0.7601, -0.9924, -0.889]
m532  +++$+++  [0.9676, 0.9985, 0.9981, 0.9471, 0.9917, 0.9963, -0.9544, 0.9948, 0.9137, 0.7291]
m464  +++$+++  [0.9923, 0.9971, 0.997, 0.9958, 0.9917, 0.9928, 0.9923, 0.9989, 0.8951, 0.9789]
m108  +++$+++  [0.7968, 0.9962, -0.9619, 0.9909, -0.8589, -0.9759, 0.9881, -0.8336, 0.9634, -0.9917]
m121  +++$+++  [0.9019, -0.9908, 0.9503, 0.5565, 0.9204, -0.973, 0.8531, 0.8845, 0.9923, 0.9968]
m411  +++$+++  [0.9239, 0.9875, 0.9968, 0.9449, 0.9952, -0.9854, 0.9966, 0.9557, 0.9568, 0.959]
m81  +++$+++  [0.8372, 0.6404, 0.6581, 0.949, -0.9719, -0.9591, -0.9353, -0.7135, -0.9048, 0.6606]
m69  +++$+++  [-0.6133, 0.9884, 0.7319, 0.9967, 0.8835, 0.9608, -0.9499, 0.9888, 0.8905, 0.8056]
m527  +++$+++  [0.9635, 0.9907, 0.9666, 0.9813, 0.9282, -0.6588, 0.9854, -0.976, -0.9912, -0.9898]
m596  +++$+++  [0.9907, 0.9439, 0.9966, 0.872, -0.87, -0.7148, -0.4793, 0.9925, -0.8276, -0.9665]
m272  +++$+++  [-0.9884, -0.9086, -0.7343, -0.5781, -0.913, 0.735, 0.9847, 0.4571, -0.8426, 0.9422]
m505  +++$+++  [-0.9969, -0.9704, -0.9656, -0.9837, 0.9575, 0.9672, -0.9752, -0.9865, -0.9784, -0.9909]
m324  +++$+++  [0.8995, 0.8568, -0.9905, 0.8479, -0.9233, -0.9981, -0.9944, 0.9873, 0.9969, -0.988]
m592  +++$+++  [-0.9944, 0.9716, 0.3822, 0.9062, -0.9983, 0.9494, -0.8976, -0.991, -0.9942, -0.9977]
m432  +++$+++  [0.9834, 0.9009, 0.9879, -0.9149, -0.9656, 0.9945, 0.9561, -0.5225, -0.9879, 0.9372]
m421  +++$+++  [-0.601, 0.9876, -0.9077, -0.9135, 0.7019, -0.9375, -0.9961, -0.5853, -0.6849, -0.9189]
m279  +++$+++  [0.9328, 0.8097, 0.9939, 0.9962, 0.9984, -0.9093, 0.9976, 0.9959, 0.6545, 0.9613]
m507  +++$+++  [0.9927, -0.9854, -0.9826, -0.8279, -0.9994, 0.9789, -0.9963, 0.9523, -0.9653, -0.9979]
m379  +++$+++  [0.9698, -0.6243, -0.9497, -0.9303, -0.9676, -0.8278, 0.8467, -0.9706, 0.7312, 0.8224]
