m428  +++$+++  [-0.944, -0.8344, -0.4649, 0.9936, -0.9987, -0.9562, -0.9857, 0.9912]
m15  +++$+++  [-0.7806, 0.8683, 0.9084, -0.8639, 0.9844, 0.9659, 0.9369, -0.9548]
m288  +++$+++  [-0.6731, 0.9961, 0.7818, 0.8313, 0.9941, -0.7884, -0.8825, 0.9914]
m261  +++$+++  [0.9772, -0.9323, 0.9828, 0.8595, -0.9842, 0.9713, -0.944, -0.9134]
m339  +++$+++  [0.8694, -0.9308, 0.9042, -0.9888, -0.9714, -0.9215, 0.8846, 0.7707]
m54  +++$+++  [-0.9978, 0.9713, 0.9772, 0.9506, 0.9949, -0.9762, 0.9667, -0.9717]
m94  +++$+++  [0.9959, 0.963, 0.9846, 0.9985, 0.9984, 0.9987, 0.9978, 0.9941]
m321  +++$+++  [-0.9678, -0.9879, -0.9864, 0.899, 0.6966, 0.7545, 0.9569, -0.9905]
m292  +++$+++  [-0.9713, 0.9615, -0.9862, 0.9847, 0.9601, 0.9762, 0.9935, 0.9909]
m40  +++$+++  [-0.9596, 0.9701, -0.9569, -0.9438, -0.9964, 0.9553, 0.9586, -0.9933]
m249  +++$+++  [0.6782, 0.9946, 0.9936, -0.9051, 0.996, 0.9815, 0.9963, 0.9975]
m216  +++$+++  [0.9835, -0.9729, 0.9806, 0.9957, -0.8745, -0.9907, -0.987, -0.8765]
m612  +++$+++  [-0.9786, 0.8899, -0.9847, 0.967, -0.9875, -0.9914, -0.9889, 0.8388]
m127  +++$+++  [0.9911, 0.9683, 0.9975, 0.996, -0.9925, -0.9248, 0.9975, 0.5355]
m115  +++$+++  [0.9899, 0.9903, -0.8986, 0.5156, -0.6118, 0.9436, 0.9912, 0.9966]
m408  +++$+++  [0.9916, 0.9872, 0.9942, -0.7755, 0.9971, 0.9988, 0.909, 0.999]
m328  +++$+++  [0.9855, -0.6386, -0.9246, -0.787, 0.9791, 0.964, 0.9348, -0.9849]
m244  +++$+++  [0.9996, 0.9942, 0.9736, 0.9992, 0.999, 0.9941, 0.9952, 0.9982]
m303  +++$+++  [0.9909, -0.9956, -0.9391, -0.9352, 0.9104, 0.9684, -0.9782, -0.8029]
m551  +++$+++  [0.7636, 0.9214, 0.9871, 0.9666, 0.9725, -0.677, -0.9701, -0.9402]
m8  +++$+++  [-0.5192, 0.9647, -0.9899, -0.9672, -0.8757, 0.7964, -0.9595, 0.7283]
m406  +++$+++  [0.8762, 0.901, 0.6705, -0.0516, -0.1179, 0.7131, 0.5017, 0.1717]
m138  +++$+++  [0.7968, 0.8674, 0.8412, 0.855, 0.8747, 0.9478, 0.5638, 0.9803]
m102  +++$+++  [0.9719, -0.9622, 0.9896, 0.998, 0.9987, 0.9942, 0.9729, -0.8477]
m358  +++$+++  [0.6783, -0.5319, 0.9877, -0.9573, 0.9474, 0.5653, -0.9973, -0.996]
m489  +++$+++  [0.9624, 0.973, 0.855, 0.9895, 0.9915, 0.9795, -0.8291, 0.937]
m7  +++$+++  [-0.7701, 0.9773, -0.8029, -0.984, -0.9897, -0.8725, -0.9207, -0.8256]
m189  +++$+++  [-0.9914, 0.963, 0.9421, -0.8713, 0.9918, -0.99, 0.9638, 0.9777]
m227  +++$+++  [-0.7721, 0.9417, 0.9733, -0.8959, -0.9066, -0.9691, -0.6638, 0.935]
m260  +++$+++  [-0.9713, 0.9823, -0.4927, 0.9824, 0.9563, 0.828, 0.9876, -0.9938]
m62  +++$+++  [0.9985, 0.998, -0.5387, 0.991, -0.4979, 0.8819, -0.937, 0.9949]
m174  +++$+++  [0.9802, 0.9984, 0.9776, 0.9977, 0.9891, -0.9628, 0.9933, -0.7124]
m149  +++$+++  [0.9996, 0.9997, 0.9996, 0.9993, 0.9997, 0.9992, 0.9995, 0.9993]
m73  +++$+++  [0.9927, 0.9615, 0.7136, 0.9969, -0.974, 0.298, 0.9682, 0.9912]
m490  +++$+++  [0.9875, 0.9856, 0.8448, 0.9982, 0.968, 0.9851, 0.3585, 0.9924]
m27  +++$+++  [-0.9901, 0.998, -0.9705, 0.9955, 0.9968, 0.9982, 0.9704, 0.9845]
m225  +++$+++  [-0.8712, 0.3411, 0.9888, 0.9826, -0.8478, 0.5182, 0.9793, 0.6342]
m275  +++$+++  [0.9989, -0.9654, 0.9993, 0.996, 0.9982, 0.9958, 0.9871, 0.9958]
m459  +++$+++  [-0.6045, 0.52, 0.6299, 0.8527, 0.7599, -0.549, -0.7473, 0.7936]
m273  +++$+++  [-0.6987, -0.8039, -0.9923, -0.9684, -0.9872, -0.9854, -0.9686, -0.9958]
m383  +++$+++  [0.9834, 0.9961, -0.985, -0.9758, 0.9943, 0.767, -0.9541, -0.9926]
m448  +++$+++  [0.9825, 0.9726, 0.6049, -0.9388, 0.9922, -0.564, 0.9949, 0.9753]
m517  +++$+++  [0.9754, 0.9633, 0.9832, -0.9385, -0.9265, 0.9836, -0.9246, -0.9669]
m603  +++$+++  [-0.9166, -0.9539, 0.9117, 0.9974, 0.9967, 0.8823, -0.9756, -0.9892]
m271  +++$+++  [-0.862, 0.6609, -0.9815, -0.835, -0.9437, 0.9887, -0.9882, -0.9821]
m314  +++$+++  [0.9905, -0.9827, -0.9371, -0.987, -0.9978, -0.9962, -0.9986, 0.9637]
m308  +++$+++  [0.9981, 0.9792, 0.9917, 0.9546, 0.9957, 0.9964, 0.9985, 0.9987]
m481  +++$+++  [0.9033, 0.9008, 0.9942, 0.999, 0.9952, 0.9937, 0.7315, -0.9733]
m53  +++$+++  [0.9847, 0.9986, 0.9912, 0.9993, 0.9997, 0.9992, 0.9989, 0.9993]
m394  +++$+++  [0.8618, 0.9864, 0.9808, -0.9573, -0.3395, -0.9042, 0.6489, -0.923]
m340  +++$+++  [0.9306, 0.995, 0.981, 0.9966, 0.8812, 0.8884, -0.7377, 0.9872]
m95  +++$+++  [0.9474, 0.5007, -0.234, 0.8823, 0.7853, -0.8968, 0.7757, 0.8679]
m193  +++$+++  [0.9918, 0.9735, 0.9913, 0.9871, 0.9386, -0.9162, 0.982, 0.9977]
m250  +++$+++  [0.9973, 0.9599, 0.4852, 0.8291, -0.5083, 0.9845, -0.4668, -0.6798]
m217  +++$+++  [0.9948, 0.9132, 0.9959, 0.9984, -0.9856, 0.6682, 0.9911, -0.9667]
m180  +++$+++  [0.9985, -0.9208, -0.8185, 0.9922, 0.983, 0.9823, 0.9539, 0.9725]
m577  +++$+++  [0.9928, 0.9952, 0.9869, -0.9693, 0.946, 0.9748, -0.7769, -0.9922]
m360  +++$+++  [0.8545, -0.877, -0.9599, -0.5865, 0.9522, 0.877, -0.5362, 0.6502]
m299  +++$+++  [0.9964, -0.999, 0.9053, -0.9991, 0.9729, 0.9987, -0.9972, -0.9993]
m60  +++$+++  [-0.9901, -0.8623, -0.9956, -0.9975, -0.9738, -0.999, 0.9709, -0.9765]
m233  +++$+++  [0.9931, 0.9931, 0.9694, 0.988, 0.9928, 0.9938, 0.9967, 0.9862]
m402  +++$+++  [0.9968, 0.9958, 0.9279, 0.9983, 0.9941, 0.9989, 0.996, -0.6679]
m135  +++$+++  [-0.7452, 0.8043, 0.9021, 0.8676, -0.8628, -0.9324, 0.6159, -0.9469]
m17  +++$+++  [0.8901, -0.9844, 0.6084, 0.9917, -0.9921, 0.7105, -0.7938, -0.9988]
m13  +++$+++  [0.9603, 0.9886, -0.9393, 0.9585, 0.7782, 0.8811, 0.9802, 0.9921]
m611  +++$+++  [0.9771, -0.9449, -0.9237, -0.9889, -0.9573, -0.9923, -0.9713, -0.9836]
m395  +++$+++  [0.9974, 0.9954, -0.8119, 0.9891, 0.9956, 0.7376, -0.9909, 0.9906]
m278  +++$+++  [0.9767, -0.9597, 0.9976, -0.9968, 0.9536, 0.8139, 0.9837, -0.9985]
m295  +++$+++  [-0.9516, 0.9693, -0.9352, -0.9892, -0.9985, 0.9368, -0.9927, 0.9685]
m514  +++$+++  [0.9954, 0.9416, 0.999, 0.9969, 0.9942, 0.9978, 0.997, 0.9504]
m1  +++$+++  [0.9671, 0.9654, 0.8894, -0.8407, -0.6862, -0.703, 0.5756, 0.9834]
m567  +++$+++  [0.7018, 0.799, 0.983, 0.9827, 0.9589, 0.9532, -0.8707, 0.8279]
m237  +++$+++  [0.9861, 0.7601, 0.9776, 0.9066, 0.8131, -0.7862, -0.8191, -0.88]
m61  +++$+++  [-0.9875, -0.9194, 0.8868, 0.9885, 0.9625, -0.8553, -0.9478, 0.8988]
m332  +++$+++  [0.934, -0.9363, -0.9434, 0.9852, -0.7374, 0.679, -0.9849, -0.9898]
m156  +++$+++  [0.9487, 0.7751, 0.9579, 0.953, -0.9808, -0.9961, 0.881, -0.9957]
m453  +++$+++  [0.9898, 0.9977, 0.9912, 0.9759, 0.9781, 0.971, 0.9947, 0.9917]
m143  +++$+++  [0.8516, 0.683, 0.9633, -0.9901, -0.9537, 0.9472, -0.9459, 0.9606]
m43  +++$+++  [-0.7424, 0.9928, -0.682, -0.9826, 0.9174, -0.9583, 0.9819, 0.9804]
m407  +++$+++  [0.2875, -0.2916, 0.9918, -0.9904, -0.9959, -0.8684, -0.9537, 0.9861]
m336  +++$+++  [0.9943, 0.9947, 0.9959, -0.9751, -0.9965, 0.9377, 0.4251, 0.9946]
m241  +++$+++  [-0.8822, 0.9613, -0.8965, -0.9347, -0.9932, -0.8684, -0.995, -0.9809]
m447  +++$+++  [0.9122, 0.9465, 0.8769, 0.7526, -0.3094, 0.5214, 0.5354, -0.6888]
m460  +++$+++  [0.9301, 0.4209, -0.94, -0.9088, 0.7371, -0.9431, -0.977, -0.9904]
m11  +++$+++  [-0.631, 0.9187, -0.6632, 0.9439, -0.7087, 0.7611, 0.7355, -0.9041]
m409  +++$+++  [0.9927, 0.9794, 0.8397, 0.966, 0.7811, 0.9846, 0.7243, 0.9925]
m23  +++$+++  [0.9546, 0.9872, -0.9827, -0.9286, -0.9716, -0.7122, 0.9895, -0.9531]
m166  +++$+++  [-0.8996, 0.9578, -0.9882, 0.9421, -0.6033, 0.9637, -0.9998, 0.9938]
m265  +++$+++  [0.9942, -0.6012, 0.9696, 0.8203, 0.894, -0.8915, -0.8565, -0.9962]
m80  +++$+++  [-0.3369, -0.954, 0.9569, 0.5787, -0.8258, 0.8347, -0.7376, 0.9691]
m41  +++$+++  [0.996, -0.9847, 0.9665, -0.9889, 0.6932, -0.5236, -0.9955, 0.9591]
m2  +++$+++  [0.9924, 0.8926, -0.998, -0.9836, 0.9989, -0.9377, 0.9487, -0.9978]
m483  +++$+++  [0.497, 0.8389, -0.594, 0.8197, 0.9176, 0.8933, 0.6993, -0.5236]
m515  +++$+++  [0.5644, 0.9672, 0.981, 0.988, 0.9617, -0.8804, -0.7893, -0.8141]
m377  +++$+++  [0.7958, -0.831, 0.8227, 0.9783, 0.9864, 0.6533, 0.9453, 0.8214]
m438  +++$+++  [0.9576, 0.7749, 0.8972, -0.5398, -0.979, -0.7959, -0.4963, -0.9698]
m591  +++$+++  [-0.9985, -0.9759, -0.8849, -0.9972, -0.9512, 0.9939, -0.6552, -0.8563]
m4  +++$+++  [0.84, -0.9923, -0.9806, -0.9605, 0.8903, -0.9923, 0.9939, 0.9928]
m435  +++$+++  [0.9994, 0.9992, 0.9986, 0.9992, 0.9995, 0.9987, 0.999, 0.9998]
m330  +++$+++  [0.9978, 0.7133, -0.9055, 0.9616, 0.9968, 0.965, 0.6147, 0.9637]
m457  +++$+++  [-0.9629, -0.7815, -0.8747, -0.9907, 0.9514, 0.8111, 0.9881, -0.9935]
m307  +++$+++  [0.8922, -0.9225, -0.9074, 0.5716, 0.4726, 0.9463, -0.8262, 0.6794]
m524  +++$+++  [0.9919, 0.9723, 0.8969, -0.8785, 0.9779, -0.5751, 0.9392, 0.9948]
m98  +++$+++  [0.984, 0.9817, -0.9864, 0.9851, 0.9904, -0.7479, 0.9857, 0.9943]
m114  +++$+++  [0.9805, -0.9664, 0.8211, 0.9945, 0.8852, 0.9899, -0.888, 0.8923]
m318  +++$+++  [0.9989, 0.8469, 0.6882, 0.9961, 0.9882, 0.9914, 0.9544, -0.9567]
m207  +++$+++  [-0.5256, 0.9926, 0.994, 0.9708, 0.9989, 0.9359, 0.9983, 0.9662]
m381  +++$+++  [0.9422, 0.9973, 0.9652, 0.9917, 0.9931, 0.9952, 0.9725, 0.9924]
m510  +++$+++  [0.9657, -0.8195, 0.9599, 0.9623, -0.919, 0.9587, -0.9902, 0.8287]
m91  +++$+++  [-0.7284, 0.9945, -0.9642, -0.9647, -0.9368, 0.9701, 0.9822, 0.9943]
m132  +++$+++  [0.9466, 0.9915, 0.9988, 0.9987, 0.9983, 0.9677, 0.9962, -0.8567]
m52  +++$+++  [0.9979, 0.9158, -0.9026, -0.8864, -0.7261, 0.8591, -0.993, -0.9707]
m283  +++$+++  [0.9945, 0.9981, -0.9927, 0.9981, -0.9823, 0.998, -0.8877, -0.9599]
m107  +++$+++  [-0.987, 0.9873, -0.9863, -0.9962, -0.9772, 0.8925, -0.9971, 0.9909]
m206  +++$+++  [0.7142, -0.9546, 0.9047, 0.3595, 0.4581, -0.8921, -0.6959, 0.8877]
m452  +++$+++  [0.9955, 0.992, 0.9981, 0.9747, 0.9858, 0.9911, 0.8939, 0.9657]
m386  +++$+++  [0.8365, -0.9878, -0.9822, 0.9978, 0.9646, 0.9647, -0.9577, 0.9059]
m85  +++$+++  [0.8063, 0.269, 0.9696, 0.9207, 0.817, -0.9541, 0.9641, -0.9762]
m343  +++$+++  [-0.8695, -0.9914, -0.9855, 0.9827, 0.9941, 0.9911, -0.975, -0.9879]
m539  +++$+++  [0.9969, 0.993, 0.9948, 0.9984, 0.9957, 0.9946, 0.995, -0.9383]
m451  +++$+++  [0.9989, 0.9956, 0.9981, 0.9921, 0.9959, 0.9983, 0.9706, 0.9986]
m45  +++$+++  [0.9941, 0.978, 0.9973, 0.9832, 0.9884, 0.9915, -0.9969, 0.9846]
m162  +++$+++  [0.997, 0.9789, 0.9969, 0.9927, 0.996, 0.9957, 0.9116, 0.9972]
m470  +++$+++  [0.9542, -0.6958, -0.9773, 0.9111, 0.7447, -0.7743, 0.9568, -0.5507]
m37  +++$+++  [-0.9891, 0.9705, -0.9957, -0.9977, -0.9967, -0.9995, -0.9971, 0.9941]
m16  +++$+++  [0.9997, 0.9996, 0.9994, 0.9995, 0.9947, 0.9997, 0.9925, 0.9995]
m372  +++$+++  [-0.9762, -0.9834, -0.9964, -0.99, -0.8061, 0.4901, -0.9797, 0.8228]
m600  +++$+++  [0.3402, 0.9093, -0.6718, 0.6586, 0.5173, 0.9752, 0.9751, 0.8632]
m154  +++$+++  [0.8829, 0.9947, 0.9952, 0.8216, -0.6328, 0.993, 0.9857, 0.9967]
m327  +++$+++  [0.9723, 0.9987, 0.993, 0.9938, 0.9976, 0.9882, 0.997, 0.9972]
m455  +++$+++  [-0.9893, 0.9814, 0.9892, 0.9896, 0.9967, -0.5585, 0.9652, 0.988]
m491  +++$+++  [0.99, -0.994, 0.997, 0.9889, 0.9882, 0.9992, 0.7773, 0.7902]
m530  +++$+++  [0.9939, 0.9983, 0.9182, 0.9963, 0.9961, -0.9499, -0.9946, 0.9889]
m145  +++$+++  [0.9755, 0.994, -0.9863, -0.9733, 0.978, -0.9625, 0.8273, -0.9667]
m104  +++$+++  [-0.9983, -0.9982, -0.9871, -0.9972, -0.9822, -0.9993, -0.9987, -0.9967]
m284  +++$+++  [-0.9944, -0.9952, -0.994, 0.9815, 0.9492, -0.9957, -0.9654, -0.9967]
m355  +++$+++  [0.985, 0.9636, 0.9977, 0.9749, 0.9913, 0.9934, 0.9957, 0.9235]
m418  +++$+++  [-0.9922, -0.9495, 0.5007, 0.9737, 0.9977, -0.9962, -0.8265, 0.95]
m222  +++$+++  [-0.675, -0.8336, -0.9967, -0.9505, -0.9559, -0.9898, -0.9672, 0.9213]
m461  +++$+++  [0.827, 0.9764, -0.9217, -0.318, -0.9886, -0.9664, -0.8884, 0.9857]
m323  +++$+++  [0.9901, 0.5079, -0.9914, -0.7639, -0.8701, -0.9873, 0.9915, -0.6093]
m167  +++$+++  [0.9959, 0.9821, -0.9787, -0.9609, -0.9226, 0.9956, 0.9886, -0.8162]
m191  +++$+++  [0.9802, -0.7937, 0.9755, -0.9723, -0.791, -0.9132, -0.8336, -0.9422]
m33  +++$+++  [0.8422, -0.9112, -0.4213, -0.9888, -0.5954, -0.9523, -0.9748, 0.9812]
m246  +++$+++  [0.999, 0.9979, 0.999, 0.9954, 0.9925, 0.9988, 0.998, 0.999]
m151  +++$+++  [0.4701, 0.9943, 0.7816, 0.9462, 0.9809, 0.9881, -0.9464, -0.9798]
m380  +++$+++  [0.9997, 0.999, 0.9996, 0.9963, 0.988, 0.9697, 0.9966, 0.9996]
m67  +++$+++  [-0.842, -0.9156, 0.9916, 0.9381, 0.9715, 0.962, 0.9386, 0.9288]
m35  +++$+++  [0.9991, 0.9101, 0.9983, 0.9632, 0.9991, 0.9977, 0.9989, 0.998]
m544  +++$+++  [0.9817, 0.9841, -0.8749, 0.9723, 0.9947, 0.9883, 0.9937, -0.996]
m221  +++$+++  [0.9971, 0.9742, -0.996, -0.9573, 0.9543, -0.9764, -0.977, -0.8011]
m46  +++$+++  [0.9833, -0.927, 0.6482, 0.9667, -0.9742, 0.5249, 0.6131, 0.9899]
m111  +++$+++  [0.971, 0.9863, 0.9985, -0.4897, 0.9096, 0.9775, -0.9852, 0.3328]
m259  +++$+++  [0.9855, -0.6785, -0.4724, 0.9868, -0.9819, -0.8353, 0.897, -0.9873]
m255  +++$+++  [-0.9481, -0.9691, 0.8329, 0.9334, -0.657, -0.8648, 0.8198, -0.9946]
m29  +++$+++  [0.9898, -0.982, -0.9981, -0.9971, -0.9994, -0.9979, -0.9934, -0.9944]
m34  +++$+++  [-0.9686, 0.9959, -0.9525, 0.9961, 0.9942, 0.9593, 0.976, 0.7843]
m200  +++$+++  [0.9974, 0.9879, -0.9933, -0.6161, -0.5391, 0.6197, -0.9732, 0.9924]
m300  +++$+++  [0.9978, 0.7601, -0.9658, -0.9931, 0.9486, 0.7568, -0.9938, 0.9592]
m133  +++$+++  [0.975, -0.9212, 0.9283, -0.9863, 0.9946, -0.8841, -0.9603, 0.9618]
m3  +++$+++  [0.998, 0.9872, 0.9917, 0.9856, 0.9796, 0.978, 0.9968, -0.9798]
m582  +++$+++  [0.9839, 0.9842, 0.9766, 0.9886, 0.9849, -0.8651, -0.9941, -0.9303]
m10  +++$+++  [-0.9404, -0.9677, -0.9924, -0.9896, 0.9922, -0.9838, -0.7714, 0.9257]
m75  +++$+++  [0.9932, 0.996, 0.9953, -0.9534, 0.9968, 0.9937, -0.9499, 0.8174]
m366  +++$+++  [0.9869, 0.9696, -0.7533, -0.917, 0.9879, -0.9437, 0.9759, 0.8407]
m424  +++$+++  [-0.9769, 0.8006, 0.6756, -0.9163, -0.9921, 0.9663, -0.9935, -0.8453]
m446  +++$+++  [0.9976, 0.997, 0.9836, 0.9866, 0.9706, 0.9976, 0.89, 0.9933]
m469  +++$+++  [0.9972, 0.9973, 0.9994, 0.9966, 0.9991, 0.9914, 0.9979, 0.9916]
m561  +++$+++  [0.9788, 0.9946, 0.9989, 0.9941, 0.9925, 0.7682, -0.9657, 0.9378]
m533  +++$+++  [-0.649, 0.871, -0.6769, 0.9978, -0.9951, -0.9698, 0.9909, 0.9849]
m414  +++$+++  [0.9675, 0.951, -0.6168, 0.9128, 0.9743, 0.627, 0.597, -0.9174]
m277  +++$+++  [-0.9526, -0.6108, 0.9807, 0.6663, -0.6759, -0.9378, 0.3749, 0.9725]
m310  +++$+++  [0.992, 0.995, 0.9739, -0.9976, -0.9894, -0.9823, 0.9863, 0.928]
m439  +++$+++  [-0.9891, 0.779, -0.8637, -0.8444, -0.8361, -0.9828, -0.985, -0.9941]
m347  +++$+++  [0.9972, 0.9964, 0.9962, 0.9936, 0.9921, 0.9973, -0.7615, 0.9797]
m593  +++$+++  [-0.9817, 0.9114, 0.9888, 0.9706, 0.9491, 0.9686, 0.9362, 0.5388]
m465  +++$+++  [0.9831, 0.9965, 0.9936, 0.994, 0.9912, 0.9963, 0.997, 0.9604]
m389  +++$+++  [-0.9903, -0.9855, 0.9214, -0.8142, -0.9632, -0.9492, -0.9743, -0.9813]
m583  +++$+++  [0.8385, 0.9917, 0.9366, 0.9903, -0.9806, 0.3442, -0.5806, -0.7476]
m68  +++$+++  [-0.5388, 0.9983, -0.9529, -0.9389, -0.9505, -0.9956, -0.7517, 0.829]
m471  +++$+++  [0.9988, 0.957, 0.8695, 0.9073, 0.9771, -0.9733, 0.9984, 0.9946]
m528  +++$+++  [0.9525, 0.995, -0.9846, -0.972, 0.8825, -0.9362, -0.9956, -0.9987]
m403  +++$+++  [0.9935, 0.9752, -0.9776, -0.9969, -0.9862, 0.9948, -0.9584, -0.8288]
m179  +++$+++  [-0.91, 0.257, 0.5328, -0.6865, 0.9521, -0.9548, -0.9276, 0.6554]
m228  +++$+++  [0.9502, -0.5663, 0.9961, 0.9693, 0.4854, -0.5803, 0.5961, 0.9695]
m178  +++$+++  [0.9994, 0.9982, 0.9996, 0.9992, 0.9994, 0.9983, 0.9917, -0.9835]
m90  +++$+++  [0.9988, 0.9995, 0.9884, 0.9985, -0.6761, 0.9244, 0.9374, 0.9964]
m139  +++$+++  [0.9989, 0.9992, 0.9994, 0.9995, 0.9996, 0.997, 0.9947, 0.9929]
m82  +++$+++  [0.898, 0.9918, 0.9947, 0.9982, -0.8143, 0.9979, -0.9954, -0.9981]
m313  +++$+++  [0.9972, 0.9978, 0.9913, 0.9598, 0.9972, 0.9993, 0.9877, 0.9806]
m269  +++$+++  [0.9928, 0.921, -0.9991, 0.9892, -0.9906, -0.819, -0.9968, -0.9914]
m598  +++$+++  [-0.922, -0.9862, 0.9934, -0.9437, -0.9824, 0.9941, 0.925, -0.9775]
m584  +++$+++  [0.9865, 0.9801, 0.5659, 0.974, 0.9983, 0.54, 0.8082, 0.9883]
m211  +++$+++  [0.9855, 0.992, 0.614, 0.9881, -0.9829, 0.9957, 0.9977, 0.8358]
m368  +++$+++  [-0.9976, 0.9797, 0.9685, -0.9981, -0.9994, 0.9922, -0.9857, 0.9773]
m59  +++$+++  [0.9964, 0.9986, 0.9941, 0.9897, 0.9177, 0.9897, 0.9479, 0.9891]
m467  +++$+++  [0.9984, -0.8956, 0.9965, 0.9932, -0.9944, 0.9922, 0.9976, -0.9845]
m267  +++$+++  [0.9974, 0.994, 0.9971, 0.9915, 0.999, 0.999, 0.9979, 0.9994]
m245  +++$+++  [0.9868, 0.8588, 0.96, 0.6051, 0.996, -0.9488, -0.7648, -0.8927]
m152  +++$+++  [0.9964, -0.9952, 0.9179, 0.9985, -0.9817, 0.9984, -0.9962, -0.9585]
m538  +++$+++  [0.9788, 0.961, 0.9844, 0.8433, -0.953, 0.9883, 0.9693, -0.995]
m276  +++$+++  [-0.9495, 0.9989, 0.9989, 0.9937, 0.9961, -0.9652, 0.9775, 0.9981]
m370  +++$+++  [0.9961, 0.9984, 0.9971, 0.9877, 0.9948, 0.9969, 0.9942, 0.9763]
m294  +++$+++  [-0.9782, -0.9642, 0.9825, -0.7215, -0.8415, -0.9851, 0.8907, -0.9938]
m502  +++$+++  [0.9772, -0.9889, -0.9311, 0.9785, -0.9973, 0.8708, -0.995, 0.8702]
m236  +++$+++  [0.9539, 0.8744, -0.9883, 0.9837, 0.9597, 0.98, -0.9937, 0.9887]
m607  +++$+++  [0.9932, 0.9913, 0.9946, 0.9928, -0.9096, 0.9916, -0.6667, 0.9828]
m610  +++$+++  [0.9848, -0.9955, 0.9477, 0.7208, 0.98, 0.9073, 0.9981, 0.9438]
m565  +++$+++  [0.998, 0.9987, 0.9989, -0.9825, 0.9977, 0.9878, -0.9807, 0.9953]
m417  +++$+++  [0.8667, -0.9089, -0.9816, -0.9908, 0.9953, 0.959, 0.9934, 0.9593]
m463  +++$+++  [0.9878, -0.9391, 0.9876, 0.9895, 0.9944, -0.9584, 0.9957, -0.97]
m462  +++$+++  [0.9985, 0.9954, 0.9958, 0.7049, 0.9988, 0.941, 0.4677, 0.9985]
m202  +++$+++  [0.9292, 0.9989, 0.9868, -0.9834, 0.5785, 0.987, 0.9981, 0.9937]
m322  +++$+++  [0.9984, 0.9961, 0.9991, 0.997, -0.9766, 0.9995, 0.9972, 0.9962]
m125  +++$+++  [0.8388, 0.9143, 0.9848, 0.9964, -0.9712, 0.8226, 0.6442, 0.8913]
m433  +++$+++  [0.6094, -0.8761, 0.973, -0.9575, 0.4337, 0.9913, -0.9838, 0.5103]
m436  +++$+++  [0.8975, 0.6607, 0.9685, 0.7708, -0.9882, -0.7008, -0.983, -0.9936]
m304  +++$+++  [0.9783, 0.9911, 0.9977, 0.9946, 0.9847, 0.9522, 0.9875, 0.995]
m534  +++$+++  [-0.7957, 0.9757, 0.9932, -0.9771, 0.994, 0.9946, -0.9939, 0.99]
m262  +++$+++  [-0.9858, 0.9937, 0.9352, -0.5432, -0.8674, 0.95, -0.9635, 0.98]
m247  +++$+++  [-0.9379, 0.7125, -0.9924, 0.977, -0.9724, -0.9921, -0.9926, -0.972]
m248  +++$+++  [-0.6131, -0.7725, 0.7641, -0.9931, -0.9898, -0.9963, -0.5465, -0.9948]
m47  +++$+++  [0.5132, 0.8318, 0.9597, -0.923, 0.8718, 0.9685, -0.9493, -0.793]
m575  +++$+++  [0.9986, 0.948, 0.9978, 0.9972, 0.9456, 0.9979, 0.9915, 0.9944]
m280  +++$+++  [-0.879, -0.9224, 0.9892, -0.9897, -0.8966, 0.9913, -0.9951, 0.9758]
m363  +++$+++  [0.5252, -0.9943, 0.9975, -0.9722, -0.9863, 0.9825, 0.9956, 0.8436]
m258  +++$+++  [0.9555, 0.9634, 0.9737, 0.7002, 0.9977, 0.9945, 0.8742, 0.9841]
m140  +++$+++  [0.9989, 0.9983, 0.9817, 0.9993, 0.9993, 0.9983, 0.9994, 0.9995]
m230  +++$+++  [0.9953, 0.9738, -0.9872, 0.9523, -0.9881, 0.9925, 0.9953, 0.9281]
m164  +++$+++  [0.964, 0.9957, 0.9809, -0.908, 0.9928, -0.9959, 0.9263, 0.9132]
m320  +++$+++  [0.9793, -0.9975, -0.9964, 0.9748, 0.8867, 0.7952, -0.896, 0.9949]
m74  +++$+++  [0.9971, 0.9971, 0.9877, 0.9922, 0.9555, 0.996, 0.957, 0.9963]
m22  +++$+++  [0.9967, 0.9976, 0.5246, 0.9985, 0.9511, -0.9967, -0.9879, 0.9845]
m89  +++$+++  [0.9702, 0.6503, -0.9222, -0.8901, -0.6972, -0.9516, 0.9956, -0.9866]
m113  +++$+++  [0.9754, 0.9493, 0.9944, -0.7613, 0.9942, -0.9745, -0.8765, 0.8648]
m306  +++$+++  [-0.9945, -0.9925, 0.9922, -0.9827, -0.9623, 0.9854, -0.9978, 0.8113]
m65  +++$+++  [-0.9632, 0.821, -0.9931, 0.9313, -0.9337, 0.9959, -0.5969, -0.994]
m541  +++$+++  [0.9971, 0.9925, 0.9889, 0.8934, 0.8705, 0.9913, 0.9948, 0.9915]
m493  +++$+++  [0.9991, 0.992, 0.9961, 0.9992, 0.9914, -0.9945, 0.9981, 0.982]
m335  +++$+++  [0.9947, 0.9817, 0.9866, 0.9269, 0.7962, 0.7626, 0.7621, -0.7604]
m325  +++$+++  [0.9821, 0.6311, -0.984, -0.8757, 0.2743, -0.8866, -0.9932, -0.9911]
m253  +++$+++  [0.8428, -0.7507, 0.8943, 0.8096, 0.9886, 0.9822, -0.6303, 0.9862]
m373  +++$+++  [-0.9964, 0.9993, 0.9795, 0.9689, 0.9923, 0.895, 0.995, 0.9971]
m362  +++$+++  [0.9264, 0.8456, -0.8212, 0.9579, 0.4047, -0.9587, -0.9765, 0.9727]
m522  +++$+++  [0.9404, 0.7373, 0.9986, 0.887, 0.9994, 0.9976, 0.9991, 0.9968]
m251  +++$+++  [0.9834, 0.9986, -0.951, 0.9981, 0.9972, 0.9959, 0.9772, 0.9986]
m184  +++$+++  [-0.8363, 0.7658, 0.9657, -0.9526, 0.8298, 0.957, -0.4295, -0.9679]
m196  +++$+++  [-0.9539, -0.7538, 0.8898, 0.6997, 0.9837, 0.8818, 0.7842, -0.9849]
m214  +++$+++  [0.9283, 0.9988, 0.9892, -0.5184, 0.9978, 0.989, 0.9987, 0.9543]
m404  +++$+++  [-0.9712, 0.9872, -0.9714, 0.9949, -0.9512, 0.9797, 0.9872, 0.6401]
m568  +++$+++  [0.9914, -0.7618, -0.9244, 0.9884, 0.3889, 0.993, 0.965, -0.9103]
m26  +++$+++  [-0.9794, -0.985, -0.9109, -0.9763, 0.9748, 0.7632, -0.9552, -0.9263]
m587  +++$+++  [0.9848, -0.9911, -0.4908, -0.6876, -0.8467, -0.9618, -0.9353, 0.9945]
m147  +++$+++  [0.5374, -0.7285, 0.9928, -0.8981, 0.9877, 0.9562, -0.8142, 0.522]
m387  +++$+++  [0.9963, 0.9892, 0.9863, 0.8927, 0.9933, 0.9529, 0.747, 0.9127]
m282  +++$+++  [0.9856, 0.9906, -0.9605, 0.9889, -0.9975, 0.9959, -0.9789, -0.986]
m359  +++$+++  [0.6585, -0.79, 0.6115, -0.9035, 0.603, -0.5939, -0.8925, 0.917]
m393  +++$+++  [0.9831, -0.9633, 0.9873, 0.9928, 0.9807, 0.9961, -0.5158, -0.8867]
m79  +++$+++  [0.9729, 0.984, 0.9976, 0.979, 0.962, 0.9943, 0.9893, 0.882]
m511  +++$+++  [0.9971, 0.9995, 0.7363, 0.9981, 0.9983, 0.9989, -0.971, 0.993]
m274  +++$+++  [0.9649, 0.9397, 0.6293, -0.9267, -0.8985, 0.2678, -0.8892, 0.7247]
m155  +++$+++  [-0.8921, -0.9269, -0.7938, -0.8188, -0.9808, 0.9468, 0.834, -0.9922]
m219  +++$+++  [0.5053, -0.5087, 0.9882, -0.9766, -0.9935, 0.9703, -0.9322, -0.8644]
m474  +++$+++  [-0.9986, -0.9928, -0.9987, -0.9848, -0.9929, -0.9989, 0.9857, -0.8424]
m195  +++$+++  [0.9748, 0.9594, -0.8616, 0.99, 0.93, 0.8506, 0.8523, -0.9141]
m168  +++$+++  [0.8788, 0.9667, 0.989, 0.9929, 0.7373, -0.9177, -0.8737, 0.9951]
m382  +++$+++  [0.9945, 0.9962, 0.987, -0.967, 0.9688, 0.991, 0.7788, 0.927]
m371  +++$+++  [-0.9627, -0.9174, -0.9747, -0.9956, 0.9867, 0.9905, -0.9902, -0.7958]
m158  +++$+++  [0.9936, 0.9885, -0.9754, 0.9152, -0.9881, -0.9874, 0.866, -0.9649]
m254  +++$+++  [0.9534, 0.9835, 0.9496, 0.9424, 0.3571, 0.9734, 0.9235, 0.9868]
m434  +++$+++  [0.9957, 0.978, 0.8164, 0.9934, 0.8903, 0.987, 0.9938, 0.9504]
m608  +++$+++  [0.9764, -0.6794, 0.9733, -0.8458, 0.9691, 0.7382, -0.7231, -0.8723]
m101  +++$+++  [0.9949, 0.7911, 0.9794, -0.9531, 0.995, -0.9949, -0.8858, -0.9866]
m287  +++$+++  [0.9968, -0.9671, 0.9926, 0.9952, 0.9956, 0.9972, 0.9906, 0.755]
m419  +++$+++  [0.9975, 0.9874, 0.9777, 0.9801, -0.6488, 0.9891, -0.9867, 0.9978]
m290  +++$+++  [0.9267, 0.6648, 0.9877, -0.852, -0.8409, 0.9981, -0.9915, 0.9842]
m182  +++$+++  [0.9184, -0.8567, 0.8822, 0.7561, 0.9794, -0.7991, -0.9367, -0.9737]
m384  +++$+++  [0.9663, 0.9908, 0.9766, -0.6365, 0.9339, -0.9758, -0.9709, 0.849]
m614  +++$+++  [-0.9102, 0.97, 0.9129, 0.7878, -0.8472, -0.468, 0.9448, 0.5659]
m602  +++$+++  [0.0, -0.5719, -0.5423, 0.2244, 0.0, 0.0, 0.4019, -0.128]
m317  +++$+++  [-0.9964, -0.702, -0.9929, 0.964, -0.989, 0.9452, 0.623, 0.9726]
m42  +++$+++  [0.9956, 0.9996, 0.9941, 0.9601, 0.9989, 0.9995, 0.9886, 0.9978]
m431  +++$+++  [0.951, -0.6042, 0.9963, 0.8941, -0.9952, 0.9871, 0.9968, -0.5669]
m552  +++$+++  [-0.7118, -0.9566, 0.9972, 0.9943, -0.6238, 0.9935, 0.3594, -0.8674]
m177  +++$+++  [0.9944, 0.9815, 0.9474, 0.9889, 0.9963, 0.6558, 0.9886, -0.6594]
m257  +++$+++  [-0.5271, -0.9947, -0.9906, -0.9898, 0.9896, -0.9971, -0.97, -0.9965]
m160  +++$+++  [-0.6598, 0.9134, 0.9481, 0.9126, 0.6701, 0.9932, 0.9983, 0.8647]
m312  +++$+++  [0.9988, -0.9916, 0.9976, 0.9985, 0.9965, 0.9756, 0.8623, 0.9952]
m605  +++$+++  [0.9899, 0.996, 0.9969, 0.9992, 0.9956, 0.9963, 0.9986, 0.9979]
m131  +++$+++  [0.9985, 0.9968, 0.9826, 0.875, 0.997, 0.9678, 0.9963, -0.9876]
m456  +++$+++  [-0.9511, -0.4515, -0.6077, -0.7731, 0.3125, -0.8442, -0.7506, 0.6784]
m137  +++$+++  [0.9977, 0.9841, -0.9877, 0.9687, -0.9908, 0.985, 0.9963, 0.6681]
m153  +++$+++  [-0.8982, -0.8125, 0.8423, 0.9722, 0.8864, 0.7314, -0.9614, 0.9974]
m141  +++$+++  [0.9936, 0.9833, 0.5482, 0.998, 0.998, 0.9606, -0.6716, 0.9926]
m218  +++$+++  [0.857, 0.8638, -0.9891, 0.5377, -0.9485, -0.6269, 0.984, 0.9655]
m194  +++$+++  [0.9991, -0.9692, 0.9979, 0.9745, 0.9826, 0.9751, 0.992, 0.9938]
m613  +++$+++  [-0.9836, 0.9701, -0.9493, -0.6791, 0.9477, 0.8792, -0.7392, 0.8386]
m144  +++$+++  [0.997, 0.9995, 0.9944, 0.9992, 0.9995, 0.9901, 0.9864, 0.9538]
m171  +++$+++  [0.983, 0.9916, 0.9527, 0.8762, 0.8163, 0.9986, 0.8607, 0.9963]
m445  +++$+++  [0.9376, -0.934, 0.9879, 0.9927, -0.9181, 0.9987, 0.8974, 0.9044]
m88  +++$+++  [-0.9951, 0.9711, 0.9987, 0.9984, -0.884, -0.9984, 0.9993, 0.9987]
m297  +++$+++  [0.9732, -0.8902, 0.8097, 0.9828, -0.6796, 0.8113, -0.9463, -0.5814]
m63  +++$+++  [0.9512, 0.9889, 0.9964, -0.9926, -0.9595, -0.9932, 0.986, 0.9858]
m169  +++$+++  [-0.9884, 0.8414, 0.9368, 0.9899, -0.929, -0.9554, -0.9855, 0.9645]
m181  +++$+++  [-0.6445, 0.6534, 0.9976, 0.9813, 0.9987, 0.9983, 0.9985, -0.8764]
m338  +++$+++  [0.5402, 0.8924, -0.872, -0.8708, -0.9096, 0.5719, -0.7383, 0.7219]
m334  +++$+++  [0.9978, 0.9879, 0.9989, 0.9321, 0.9986, -0.7871, -0.9448, -0.9907]
m573  +++$+++  [0.997, 0.9989, 0.9876, 0.9129, 0.9935, 0.9827, 0.9889, 0.9974]
m557  +++$+++  [0.7915, 0.8766, -0.9062, 0.5275, 0.9694, 0.3993, -0.8692, 0.9817]
m186  +++$+++  [-0.9076, -0.9829, -0.9839, -0.993, 0.8809, -0.8092, -0.9941, -0.9757]
m329  +++$+++  [-0.9945, 0.9992, 0.9828, 0.9948, 0.9471, 0.9894, 0.999, 0.9765]
m14  +++$+++  [0.9492, 0.9938, 0.5435, -0.9873, 0.8381, 0.9877, 0.9847, -0.9831]
m549  +++$+++  [0.9758, -0.8887, 0.9539, -0.9822, 0.7742, 0.8163, 0.8889, 0.7945]
m289  +++$+++  [0.9992, 0.9995, -0.9938, 0.9982, -0.9941, -0.9119, 0.9943, -0.9987]
m475  +++$+++  [0.999, 0.9972, 0.9614, -0.8336, -0.9965, -0.9937, 0.5688, -0.9972]
m597  +++$+++  [-0.9919, -0.9893, 0.9183, -0.9968, -0.9046, -0.5319, -0.9969, -0.8484]
m83  +++$+++  [0.9966, 0.9873, 0.9531, -0.8632, 0.9902, -0.9954, 0.8944, -0.9428]
m124  +++$+++  [0.9964, 0.9972, 0.9931, 0.999, 0.9976, 0.995, 0.9956, -0.9869]
m588  +++$+++  [0.976, 0.9705, -0.9922, -0.9959, -0.9791, -0.9985, -0.988, -0.9996]
m208  +++$+++  [0.998, 0.9989, 0.9985, 0.9516, 0.9975, 0.9974, -0.995, 0.9668]
m224  +++$+++  [-0.8875, 0.7447, -0.9642, 0.9963, -0.7943, 0.9953, 0.9693, -0.9931]
m458  +++$+++  [0.975, 0.9912, 0.9973, 0.99, 0.957, 0.9946, 0.997, 0.9901]
m364  +++$+++  [0.9928, 0.8977, 0.9871, -0.9505, -0.8612, 0.9765, -0.9962, -0.982]
m39  +++$+++  [0.8591, -0.9896, -0.9632, -0.9772, -0.9879, -0.9621, -0.788, 0.9839]
m116  +++$+++  [0.7358, -0.747, 0.989, 0.8702, 0.9866, 0.982, 0.989, 0.9912]
m356  +++$+++  [-0.9863, 0.9936, 0.9575, 0.9643, -0.9906, -0.991, 0.9783, 0.9797]
m454  +++$+++  [-0.5004, -0.9929, 0.9344, -0.9913, 0.9653, 0.7702, 0.8966, 0.9648]
m423  +++$+++  [-0.8243, -0.9483, -0.9911, -0.4752, 0.9951, -0.873, 0.9818, 0.9876]
m586  +++$+++  [-0.9989, 0.9727, 0.9993, 0.9992, -0.996, 0.9967, -0.9937, -0.638]
m48  +++$+++  [0.9827, 0.9755, -0.8457, 0.9861, 0.988, 0.9623, 0.9909, 0.5479]
m302  +++$+++  [0.9624, -0.9488, -0.9956, 0.8742, 0.6586, -0.9823, -0.9712, -0.9865]
m545  +++$+++  [0.9758, 0.9511, 0.8941, 0.9132, 0.9945, 0.9803, 0.9279, 0.992]
m352  +++$+++  [0.9759, 0.9822, 0.9611, 0.7345, 0.9959, 0.9988, 0.9985, 0.9862]
m375  +++$+++  [0.982, -0.9111, 0.7389, 0.9838, 0.9852, 0.8094, -0.945, 0.9695]
m331  +++$+++  [0.9971, 0.9985, 0.9849, 0.9934, -0.474, 0.998, 0.9936, 0.9986]
m367  +++$+++  [0.9761, 0.9537, 0.931, 0.9592, -0.9869, -0.9852, 0.9166, -0.7226]
m520  +++$+++  [-0.9866, 0.8892, 0.945, -0.9501, -0.8181, 0.8591, -0.9369, 0.9896]
m397  +++$+++  [0.9933, 0.8946, 0.543, 0.9023, 0.9749, 0.929, 0.9988, 0.9961]
m351  +++$+++  [0.8861, -0.9286, -0.6116, 0.9346, -0.9407, -0.9371, -0.8448, -0.9535]
m378  +++$+++  [0.9869, -0.7396, 0.4534, 0.9899, -0.9242, -0.9916, 0.8468, -0.8955]
m285  +++$+++  [0.9842, 0.989, 0.999, 0.9993, 0.9731, 0.9979, 0.9988, 0.9952]
m25  +++$+++  [0.9916, -0.9681, 0.994, -0.8813, -0.9986, -0.9944, 0.9765, -0.9983]
m430  +++$+++  [-0.8758, -0.9748, 0.925, -0.9604, -0.9696, -0.9462, -0.9368, -0.9879]
m516  +++$+++  [0.99, 0.9895, 0.997, 0.9818, 0.9951, 0.9987, 0.9804, 0.9323]
m266  +++$+++  [0.9985, 0.9996, 0.9993, 0.9998, 0.9995, 0.9997, 0.9997, 0.9997]
m231  +++$+++  [0.9899, -0.986, 0.9253, 0.9159, -0.9735, -0.9488, 0.9522, 0.9961]
m555  +++$+++  [0.9941, 0.9708, 0.9254, 0.9848, -0.8947, 0.9549, 0.9914, 0.9798]
m559  +++$+++  [0.924, 0.9863, 0.3726, -0.9295, -0.874, 0.2359, -0.5046, 0.4857]
m126  +++$+++  [0.9974, 0.8635, -0.9608, -0.9847, 0.9465, -0.9466, -0.9978, 0.9642]
m494  +++$+++  [0.9767, -0.8876, -0.9771, -0.9902, 0.9905, -0.9061, 0.9354, -0.999]
m444  +++$+++  [0.9714, 0.9911, -0.996, 0.9965, 0.9956, 0.9961, 0.953, 0.9946]
m500  +++$+++  [0.5676, -0.9059, -0.8438, 0.9158, 0.9886, -0.9897, -0.8729, 0.8414]
m270  +++$+++  [0.0, -0.3818, -0.1027, 0.0, 0.8479, -0.6486, 0.0, 0.0]
m479  +++$+++  [0.9925, 0.9972, 0.9987, -0.9163, 0.9981, 0.6023, 0.9949, 0.9614]
m92  +++$+++  [-0.9398, 0.8635, 0.853, 0.914, 0.998, -0.9942, -0.9944, 0.999]
m71  +++$+++  [0.5175, 0.9485, -0.8796, 0.9968, -0.9932, 0.9773, -0.986, -0.9915]
m240  +++$+++  [0.9528, 0.9966, 0.9981, 0.9991, 0.9748, 0.9803, 0.9535, 0.9976]
m66  +++$+++  [0.9545, 0.7135, 0.9119, 0.9859, -0.9881, -0.8023, -0.7088, 0.9862]
m337  +++$+++  [0.9225, 0.9953, 0.994, 0.9985, 0.993, 0.9924, 0.9685, 0.8609]
m5  +++$+++  [0.9518, 0.8214, 0.998, 0.992, 0.9981, 0.9932, 0.9956, 0.9932]
m427  +++$+++  [0.9955, 0.9945, 0.4639, 0.2991, 0.9845, 0.9378, 0.9954, 0.9968]
m441  +++$+++  [0.9802, 0.9873, 0.9883, 0.9968, 0.9808, 0.9982, 0.9848, 0.9988]
m119  +++$+++  [0.6689, 0.996, -0.9961, -0.8525, 0.9886, 0.9857, -0.7727, 0.9985]
m484  +++$+++  [-0.5478, 0.846, 0.8547, -0.1984, -0.6369, 0.3064, 0.0, -0.785]
m443  +++$+++  [0.9852, -0.9901, -0.9708, 0.9974, -0.85, -0.9163, 0.7083, 0.9731]
m129  +++$+++  [-0.8807, 0.9952, 0.9913, -0.9153, -0.9938, -0.9388, 0.7527, -0.8674]
m571  +++$+++  [0.9813, 0.9687, 0.8381, -0.9767, -0.9191, 0.9833, 0.705, 0.7054]
m24  +++$+++  [0.995, 0.989, 0.9971, 0.9971, -0.5951, 0.9941, 0.9964, 0.8447]
m576  +++$+++  [0.9683, 0.9808, 0.9966, 0.9982, 0.9875, -0.9808, 0.9225, 0.5027]
m390  +++$+++  [0.9613, 0.9689, -0.9783, 0.891, 0.9824, 0.9974, 0.5431, -0.6662]
m18  +++$+++  [0.998, 0.9747, 0.9987, 0.9819, -0.984, -0.9481, 0.9974, 0.998]
m6  +++$+++  [0.9935, 0.9942, 0.9852, 0.9266, -0.9967, 0.9989, -0.9942, -0.9913]
m238  +++$+++  [0.9989, 0.9996, 0.9989, 0.9991, 0.9342, 0.999, 0.9997, 0.9992]
m468  +++$+++  [-0.682, 0.7833, 0.7207, 0.9921, -0.9076, 0.9401, -0.9795, 0.9047]
m239  +++$+++  [0.9955, 0.9819, 0.9829, -0.8174, 0.9937, 0.9724, 0.5378, -0.9563]
m235  +++$+++  [0.984, 0.9439, 0.9785, 0.9917, 0.9778, 0.997, 0.9964, -0.5589]
m38  +++$+++  [0.7758, -0.9377, -0.8969, -0.8713, 0.9821, 0.9913, 0.9521, 0.8997]
m264  +++$+++  [-0.6817, 0.9164, 0.8758, -0.9179, -0.9735, -0.631, -0.9834, -0.7843]
m609  +++$+++  [-0.9638, 0.6471, 0.3009, -0.8954, 0.7469, 0.9783, 0.955, -0.9901]
m344  +++$+++  [0.9867, 0.9878, 0.9978, 0.9955, 0.9979, 0.9965, 0.9917, 0.994]
m569  +++$+++  [0.9937, 0.9963, 0.9897, 0.9967, 0.9647, -0.6429, -0.8367, -0.9969]
m606  +++$+++  [0.9711, -0.9955, -0.9976, -0.8445, 0.9932, -0.9921, -0.9957, -0.7552]
m55  +++$+++  [0.967, 0.9991, 0.998, 0.9876, 0.9987, 0.9982, 0.9985, 0.999]
m326  +++$+++  [-0.9624, 0.554, -0.9766, -0.9536, 0.9836, 0.97, -0.9057, -0.9977]
m172  +++$+++  [0.9805, 0.9943, 0.998, 0.9968, 0.9823, 0.9309, 0.9901, 0.9969]
m298  +++$+++  [0.9862, 0.9965, 0.9977, 0.9988, 0.9406, 0.9933, 0.9985, 0.9957]
m590  +++$+++  [-0.8379, -0.8683, -0.9242, 0.6139, 0.3878, -0.9801, -0.9749, -0.8446]
m357  +++$+++  [-0.9552, -0.8913, 0.893, 0.9815, -0.8622, 0.8847, 0.3959, 0.9252]
m309  +++$+++  [-0.9954, 0.9965, -0.7881, -0.9856, -0.99, -0.9743, 0.9719, -0.9438]
m473  +++$+++  [-0.7958, 0.9674, 0.9591, -0.8934, -0.938, -0.9822, 0.9727, -0.8206]
m112  +++$+++  [0.9783, -0.7859, -0.9029, -0.7978, -0.9569, 0.509, -0.9971, -0.9888]
m204  +++$+++  [0.9896, 0.9802, 0.9991, 0.9841, 0.9485, -0.9979, 0.9991, 0.8368]
m161  +++$+++  [0.9991, 0.9983, 0.9985, 0.9979, 0.9997, 0.9976, 0.9991, 0.9969]
m205  +++$+++  [0.9845, 0.9778, 0.9966, 0.9948, 0.9591, 0.9483, -0.9941, 0.9849]
m537  +++$+++  [-0.9986, -0.9007, 0.9994, 0.9996, -0.9476, -0.8596, -0.9883, 0.9952]
m392  +++$+++  [0.9933, 0.9933, 0.8616, 0.404, -0.9663, 0.6516, 0.9386, -0.5446]
m585  +++$+++  [0.9861, 0.9927, 0.9631, 0.9825, 0.6756, 0.9978, -0.959, 0.9939]
m188  +++$+++  [0.8798, 0.9816, -0.941, -0.99, 0.9802, 0.9238, 0.9874, -0.8262]
m78  +++$+++  [0.9963, 0.9979, -0.9888, 0.9987, 0.9973, 0.9981, 0.9994, 0.9862]
m120  +++$+++  [0.9928, 0.9962, -0.9857, 0.9991, -0.9618, 0.9972, 0.9983, -0.9995]
m506  +++$+++  [0.9911, -0.9943, -0.9864, -0.9982, -0.999, -0.9957, -0.9501, -0.9953]
m353  +++$+++  [0.991, 0.9188, 0.9688, 0.9849, 0.9724, 0.992, 0.996, 0.991]
m548  +++$+++  [0.9915, 0.992, 0.5616, 0.9985, 0.9983, 0.9965, -0.9247, 0.9972]
m311  +++$+++  [-0.9962, -0.9778, 0.6452, -0.9903, 0.9581, -0.976, -0.9831, 0.8961]
m187  +++$+++  [0.8513, -0.891, -0.9849, 0.9715, -0.9578, -0.967, 0.9742, -0.5432]
m210  +++$+++  [0.9728, -0.5504, -0.9826, -0.9924, -0.9566, -0.8824, -0.98, -0.9941]
m12  +++$+++  [0.9914, -0.7038, -0.9783, 0.9429, -0.6194, 0.9983, 0.9712, -0.9132]
m170  +++$+++  [-0.998, -0.9938, -0.9877, -0.9981, -0.9978, -0.9995, -0.7932, -0.9942]
m163  +++$+++  [0.9993, 0.9985, 0.9991, 0.9973, 0.9972, 0.9991, 0.9986, -0.9989]
m215  +++$+++  [0.9952, -0.9888, -0.9942, -0.9984, -0.9934, -0.9671, -0.9886, 0.9954]
m76  +++$+++  [0.9977, 0.9946, 0.9699, -0.9912, 0.9961, 0.9986, 0.9903, 0.9735]
m333  +++$+++  [-0.8993, 0.9965, -0.9912, 0.9773, -0.9071, 0.9431, 0.8065, -0.4386]
m579  +++$+++  [0.9953, 0.9677, 0.872, 0.7703, -0.9504, -0.9778, 0.9316, 0.9784]
m223  +++$+++  [-0.9943, -0.9716, -0.9924, -0.9791, -0.9904, 0.9099, -0.9816, -0.9664]
m556  +++$+++  [-0.9968, 0.55, -0.383, -0.9852, 0.9601, 0.934, -0.9558, 0.9932]
m305  +++$+++  [0.9718, 0.9681, 0.9885, 0.9451, 0.9653, 0.9972, -0.9746, 0.9308]
m49  +++$+++  [-0.9834, 0.9959, -0.9786, -0.6809, -0.9879, 0.9962, 0.9912, -0.9017]
m398  +++$+++  [0.8733, -0.967, 0.9747, 0.8405, 0.9776, 0.8558, 0.9317, -0.9344]
m478  +++$+++  [0.8049, 0.9557, 0.8089, -0.905, -0.4195, -0.656, -0.9376, -0.8803]
m482  +++$+++  [0.9284, 0.9641, 0.8331, -0.9862, -0.9604, -0.9685, -0.9822, 0.9401]
m519  +++$+++  [0.998, 0.9953, -0.9902, 0.9971, -0.9938, 0.9988, -0.9968, 0.9994]
m496  +++$+++  [-0.9956, 0.8886, -0.9855, -0.9963, -0.9687, -0.9911, 0.9689, 0.9764]
m64  +++$+++  [0.9534, 0.8957, -0.8606, 0.8879, 0.9198, 0.7089, 0.9754, -0.6763]
m594  +++$+++  [0.9798, 0.9944, 0.9962, 0.9918, 0.9278, 0.9832, 0.9973, 0.9954]
m526  +++$+++  [0.999, 0.9915, 0.9954, 0.993, 0.956, 0.6468, -0.9531, 0.9316]
m492  +++$+++  [0.9177, 0.9765, 0.9933, 0.7691, 0.9543, -0.9511, -0.9158, 0.98]
m361  +++$+++  [0.2794, 0.9496, -0.7041, 0.7352, -0.9293, -0.9058, -0.8586, 0.8791]
m529  +++$+++  [0.9715, -0.9878, -0.5668, -0.9753, -0.9675, 0.9267, 0.7735, 0.9951]
m130  +++$+++  [0.9902, 0.9979, -0.9826, -0.9531, 0.9816, 0.9798, 0.9974, 0.9957]
m136  +++$+++  [0.9942, -0.9726, -0.8718, 0.9935, -0.86, -0.9906, 0.8265, -0.989]
m9  +++$+++  [-0.9546, 0.8548, 0.7033, -0.7703, 0.9221, -0.92, -0.8241, 0.8748]
m21  +++$+++  [0.9845, 0.9869, 0.9665, 0.8834, 0.9379, 0.7615, 0.9965, 0.9854]
m572  +++$+++  [0.2708, -0.9722, 0.8357, 0.5109, 0.9449, -0.8442, -0.9853, -0.9783]
m117  +++$+++  [0.9915, 0.9981, 0.9913, -0.5938, -0.9488, 0.9983, 0.9962, -0.7747]
m604  +++$+++  [0.9617, -0.5466, -0.9662, -0.9475, -0.9749, -0.8797, 0.8212, -0.9667]
m252  +++$+++  [0.9807, 0.7877, 0.9612, 0.9907, 0.9934, 0.9923, 0.6803, 0.9831]
m354  +++$+++  [0.9783, 0.818, 0.8553, -0.7882, 0.9901, 0.8504, 0.7979, 0.9699]
m50  +++$+++  [-0.9958, 0.9775, 0.9321, 0.9721, 0.9835, 0.4758, -0.9916, -0.9181]
m472  +++$+++  [-0.992, 0.9951, 0.4014, -0.9381, -0.9755, -0.9587, -0.853, -0.8162]
m581  +++$+++  [0.9411, 0.462, 0.9983, 0.9824, 0.9863, 0.9967, -0.9556, 0.6882]
m499  +++$+++  [0.9969, 0.9696, 0.999, 0.9984, 0.9968, 0.9888, 0.9966, 0.9918]
m31  +++$+++  [0.9922, 0.9674, -0.9744, 0.9799, -0.9884, 0.8172, 0.9277, -0.9311]
m103  +++$+++  [0.9988, 0.9961, 0.9994, 0.9977, 0.9524, 0.999, 0.9989, 0.9988]
m385  +++$+++  [0.9833, 0.9488, 0.9673, -0.9023, -0.9204, -0.6436, -0.9937, 0.9374]
m396  +++$+++  [-0.4063, 0.9701, 0.9908, 0.9921, -0.9258, 0.7463, 0.9699, -0.9976]
m391  +++$+++  [-0.9848, -0.8056, -0.9575, -0.9788, -0.839, -0.9942, -0.5147, -0.86]
m159  +++$+++  [0.9632, -0.9765, 0.9895, 0.9668, -0.6751, 0.9883, 0.9932, -0.6122]
m190  +++$+++  [-0.9818, 0.9886, 0.741, 0.9634, 0.8471, 0.9746, -0.5456, 0.96]
m56  +++$+++  [0.9951, 0.9891, 0.9868, 0.9732, 0.9378, 0.7963, -0.9935, 0.8826]
m256  +++$+++  [0.9982, 0.9814, 0.995, 0.9785, 0.9879, -0.9895, 0.9993, 0.9481]
m536  +++$+++  [-0.988, -0.9824, -0.9426, 0.9952, 0.9704, -0.9912, -0.9985, 0.8726]
m374  +++$+++  [0.9974, -0.9663, 0.741, -0.8288, 0.9855, -0.5119, 0.9955, 0.9879]
m341  +++$+++  [0.9992, 0.9716, -0.9695, -0.9522, 0.9912, 0.9817, -0.9838, -0.9946]
m558  +++$+++  [0.9934, 0.9991, -0.9457, -0.9565, 0.9786, 0.9868, 0.9884, 0.989]
m442  +++$+++  [0.5422, -0.944, 0.9848, 0.9017, 0.9971, -0.9878, -0.9644, 0.5312]
m263  +++$+++  [0.9937, -0.8709, 0.991, 0.9955, 0.9845, 0.9959, 0.9866, 0.9792]
m542  +++$+++  [0.5205, 0.9355, 0.9865, 0.9899, 0.9953, 0.9708, 0.7449, 0.9811]
m226  +++$+++  [0.9849, 0.9624, 0.9778, 0.9326, 0.9374, 0.9315, -0.8508, 0.4929]
m547  +++$+++  [0.9243, 0.9879, -0.9672, -0.9556, -0.6136, -0.9807, -0.9931, -0.986]
m518  +++$+++  [0.9992, 0.9995, 0.4212, -0.8513, 0.9459, 0.9997, 0.9989, 0.9984]
m440  +++$+++  [0.9686, -0.7238, -0.8815, -0.5797, 0.5919, -0.9638, -0.957, -0.9422]
m523  +++$+++  [0.998, 0.8298, 0.7498, 0.8969, -0.9932, 0.9562, -0.974, 0.9509]
m369  +++$+++  [0.9957, 0.9984, 0.9954, 0.9534, 0.9895, -0.9582, 0.9983, 0.997]
m118  +++$+++  [-0.6236, 0.9972, -0.7361, 0.9962, 0.8348, 0.9946, 0.9979, 0.995]
m209  +++$+++  [0.9942, 0.9915, 0.9905, 0.9928, 0.9669, 0.97, 0.6044, -0.9749]
m415  +++$+++  [0.8507, -0.6752, -0.5558, 0.9796, -0.9961, -0.9416, -0.9328, 0.9942]
m546  +++$+++  [0.9972, 0.998, -0.9174, 0.9981, 0.9821, 0.9971, 0.7465, -0.8363]
m376  +++$+++  [0.9984, 0.9938, 0.9519, 0.9975, 0.9983, 0.9993, 0.9987, 0.999]
m229  +++$+++  [-0.9776, -0.9943, -0.972, 0.9978, 0.9957, 0.9619, 0.8203, 0.9959]
m301  +++$+++  [0.9848, 0.9962, -0.9976, 0.9708, 0.9943, -0.9382, 0.9985, 0.9973]
m157  +++$+++  [-0.8533, -0.8644, -0.9101, 0.9757, 0.9849, 0.4952, 0.8573, -0.9428]
m268  +++$+++  [0.9792, -0.3871, 0.9835, 0.8569, 0.9883, -0.8979, 0.9857, 0.9454]
m349  +++$+++  [0.9477, -0.9916, -0.9813, -0.9842, -0.9869, -0.917, -0.9893, -0.9905]
m476  +++$+++  [0.9949, 0.9966, 0.997, 0.949, 0.9777, 0.9932, 0.8975, 0.9861]
m410  +++$+++  [-0.3373, -0.7737, 0.9916, -0.9639, -0.9848, -0.9845, -0.9198, -0.9794]
m58  +++$+++  [0.9792, 0.9928, 0.9601, 0.9471, 0.7896, 0.9495, 0.9452, 0.9399]
m485  +++$+++  [0.9983, 0.749, 0.9504, 0.997, 0.9693, 0.9938, -0.9904, 0.9814]
m487  +++$+++  [0.9971, 0.9994, 0.9981, 0.9975, 0.9993, 0.9989, -0.9966, -0.6733]
m77  +++$+++  [0.9854, 0.9969, 0.9993, -0.9943, -0.9512, 0.9892, -0.945, 0.9677]
m512  +++$+++  [0.9665, 0.9929, -0.9974, 0.9975, 0.995, -0.9601, 0.9948, 0.9844]
m580  +++$+++  [0.4501, 0.8046, -0.8776, 0.7105, 0.509, 0.5919, -0.9005, 0.4314]
m146  +++$+++  [0.9957, 0.54, 0.985, 0.962, -0.7938, 0.9602, -0.9193, -0.9786]
m122  +++$+++  [0.9916, 0.5859, 0.7555, 0.886, -0.9671, 0.9874, 0.8644, 0.8933]
m401  +++$+++  [-0.9936, 0.9944, -0.9903, -0.9773, 0.9813, -0.972, -0.9615, 0.9526]
m412  +++$+++  [0.9148, -0.9726, 0.3025, -0.9952, 0.967, -0.9967, -0.9866, -0.997]
m553  +++$+++  [0.9937, -0.9866, 0.9535, 0.9965, 0.9916, -0.9924, 0.9964, 0.9929]
m19  +++$+++  [-0.9658, 0.9714, 0.9918, -0.9915, 0.9561, 0.976, 0.9916, -0.991]
m36  +++$+++  [0.999, -0.9733, 0.9993, 0.9973, 0.9987, 0.9909, -0.5349, 0.9968]
m84  +++$+++  [0.9977, 0.9992, 0.9926, 0.998, 0.9943, 0.9981, 0.802, 0.9993]
m521  +++$+++  [0.8091, 0.193, 0.6981, 0.8402, -0.234, -0.2651, -0.126, -0.7032]
m293  +++$+++  [0.9988, 0.9985, -0.997, -0.9846, 0.9979, 0.993, 0.9855, 0.9689]
m449  +++$+++  [-0.8656, 0.9791, 0.9251, 0.9789, -0.988, 0.9073, -0.9861, 0.8533]
m281  +++$+++  [0.9952, 0.982, 0.98, -0.9692, -0.9964, -0.9958, -0.9904, -0.9948]
m220  +++$+++  [0.85, 0.9922, -0.8743, -0.9963, 0.9136, 0.9972, 0.9599, -0.7575]
m192  +++$+++  [0.9885, 0.9972, 0.9264, -0.9183, 0.9925, 0.9837, -0.9806, 0.8849]
m450  +++$+++  [0.9924, 0.9985, 0.9986, 0.9988, 0.9674, 0.9987, 0.9986, 0.9983]
m175  +++$+++  [0.9884, 0.9977, 0.9976, 0.9035, 0.992, -0.956, 0.9985, 0.9813]
m185  +++$+++  [0.3914, -0.954, -0.3649, -0.9272, -0.5145, 0.9762, 0.9881, 0.9974]
m291  +++$+++  [-0.9784, -0.8914, 0.9881, 0.5466, -0.9459, -0.8023, -0.988, 0.9823]
m540  +++$+++  [0.9269, -0.52, 0.9941, 0.998, 0.9941, 0.9657, 0.5027, -0.9475]
m70  +++$+++  [-0.8106, 0.9365, 0.9944, 0.9893, 0.9966, 0.9977, -0.4976, -0.8372]
m315  +++$+++  [0.9796, -0.7398, -0.8425, 0.9328, 0.93, 0.4599, 0.8645, 0.5224]
m150  +++$+++  [-0.9998, -0.9973, 0.9963, -0.9972, -0.995, -0.9971, -0.9996, -0.9881]
m199  +++$+++  [-0.763, -0.9635, 0.9798, 0.9941, 0.9926, 0.9796, -0.7284, 0.9765]
m429  +++$+++  [0.9922, 0.9977, -0.8959, -0.9925, -0.9601, 0.8847, -0.9421, -0.9867]
m342  +++$+++  [0.9674, 0.9912, 0.9981, 0.9681, 0.9996, 0.9971, 0.9907, 0.9369]
m105  +++$+++  [-0.9988, -0.9951, 0.9865, 0.5988, 0.9974, 0.9971, -0.9921, 0.7135]
m405  +++$+++  [-0.7775, 0.8472, 0.8972, 0.9542, 0.9945, 0.6035, 0.9824, -0.9956]
m345  +++$+++  [0.9792, 0.9928, 0.974, 0.968, 0.5971, 0.9435, 0.9378, 0.83]
m198  +++$+++  [0.9975, 0.99, 0.9971, 0.584, 0.9863, 0.985, 0.8923, -0.7264]
m589  +++$+++  [0.9959, -0.8046, -0.9943, -0.9803, 0.9601, -0.8173, 0.9927, -0.9847]
m399  +++$+++  [-0.9613, -0.6395, 0.936, -0.98, 0.8375, -0.9936, -0.8901, -0.8308]
m531  +++$+++  [0.9866, 0.8052, 0.9207, 0.8947, 0.8982, 0.7788, 0.9398, 0.9719]
m0  +++$+++  [0.9419, -0.8387, 0.953, 0.9959, 0.9937, 0.9195, 0.6857, -0.5387]
m86  +++$+++  [-0.9963, 0.8911, -0.9823, -0.823, -0.6028, 0.8461, 0.995, -0.552]
m100  +++$+++  [0.9806, -0.534, -0.837, 0.9947, 0.9936, 0.9895, 0.9495, 0.9965]
m550  +++$+++  [0.9975, 0.9957, 0.914, 0.9541, -0.9131, 0.9953, -0.9369, -0.7555]
m203  +++$+++  [0.9574, 0.9891, -0.9867, 0.9974, 0.4682, 0.9503, 0.9743, 0.989]
m601  +++$+++  [0.9879, 0.9971, -0.9852, -0.9839, 0.6774, 0.9925, -0.9558, -0.8459]
m93  +++$+++  [0.993, 0.9992, 0.9957, 0.9991, 0.9994, 0.9924, 0.9902, 0.9913]
m503  +++$+++  [0.9989, 0.9983, 0.9995, 0.9928, 0.9982, -0.3875, 0.9807, 0.9941]
m30  +++$+++  [0.9415, 0.9843, 0.9603, 0.9793, 0.9965, 0.9786, 0.9931, 0.996]
m142  +++$+++  [0.7058, -0.9791, 0.9243, 0.7342, 0.9597, -0.9871, -0.6535, -0.9831]
m148  +++$+++  [-0.991, -0.9936, 0.4134, 0.5453, 0.9317, 0.9744, 0.8669, 0.9517]
m480  +++$+++  [-0.9405, 0.971, 0.9722, 0.9791, -0.9212, -0.6609, 0.9934, -0.9872]
m564  +++$+++  [0.9967, 0.9885, -0.7566, 0.9914, -0.9723, -0.9974, -0.996, -0.9992]
m525  +++$+++  [-0.9972, -0.9975, -0.9945, -0.9753, -0.9904, 0.837, 0.6669, 0.9096]
m495  +++$+++  [0.9719, -0.939, 0.9751, 0.9662, 0.9957, -0.9949, -0.8527, -0.9963]
m574  +++$+++  [0.9877, 0.9802, 0.9916, 0.994, 0.9619, 0.9853, -0.9245, 0.9724]
m615  +++$+++  [0.9307, 0.9985, 0.9933, 0.9985, 0.9912, 0.9972, 0.9954, 0.9918]
m97  +++$+++  [-0.9825, 0.954, -0.5214, 0.9303, 0.8515, -0.893, -0.9273, 0.806]
m348  +++$+++  [-0.9749, 0.8096, 0.6, -0.7791, 0.9653, -0.9975, -0.9764, 0.6226]
m316  +++$+++  [0.9931, 0.9907, 0.9962, 0.9879, 0.5475, 0.648, 0.9074, 0.8415]
m128  +++$+++  [0.8744, 0.9525, 0.8808, -0.9579, 0.9977, 0.986, 0.9802, -0.9828]
m243  +++$+++  [0.9722, 0.9777, 0.9992, 0.9997, 0.9995, 0.9996, 0.9988, 0.9996]
m437  +++$+++  [0.7311, -0.9866, -0.4453, -0.9578, -0.7589, -0.9791, 0.9756, 0.4963]
m296  +++$+++  [0.9968, 0.9819, -0.9242, 0.9686, -0.9866, 0.9834, -0.9836, 0.9883]
m535  +++$+++  [-0.7596, 0.5687, 0.8809, -0.9811, -0.9434, -0.9325, 0.7557, 0.9651]
m486  +++$+++  [0.4329, 0.0, 0.3527, -0.5574, -0.2658, 0.6709, 0.9209, 0.2415]
m110  +++$+++  [0.9736, 0.7542, 0.9748, -0.9693, -0.9951, -0.9594, -0.9962, -0.9864]
m134  +++$+++  [-0.7912, -0.9298, 0.7253, -0.6392, 0.8234, 0.6634, -0.9661, 0.9127]
m44  +++$+++  [0.7195, 0.9304, 0.9979, 0.9953, 0.8436, 0.9974, 0.9878, -0.9836]
m616  +++$+++  [0.9696, 0.9673, -0.4909, -0.3678, 0.259, -0.8921, 0.9569, 0.9716]
m32  +++$+++  [0.9371, -0.9972, -0.9962, 0.9782, 0.9714, 0.982, 0.9047, 0.9987]
m578  +++$+++  [0.9954, 0.9792, -0.9627, -0.8081, -0.99, -0.7329, 0.9861, -0.9446]
m566  +++$+++  [0.9456, 0.988, 0.9737, 0.9872, 0.7934, 0.9922, -0.9646, 0.9163]
m488  +++$+++  [0.8947, 0.9952, 0.9817, -0.921, 0.9844, 0.9811, -0.7713, 0.9433]
m501  +++$+++  [0.6926, -0.9897, 0.98, 0.8672, -0.601, -0.6383, -0.874, -0.9081]
m504  +++$+++  [0.9921, 0.9724, 0.6915, 0.9883, -0.9902, 0.5787, 0.9745, 0.9788]
m99  +++$+++  [0.5866, -0.9305, 0.9585, 0.9826, -0.9958, -0.9496, -0.9756, 0.9757]
m72  +++$+++  [-0.8869, 0.998, 0.9996, 0.9984, 0.996, 0.9861, 0.9921, 0.974]
m497  +++$+++  [0.7989, 0.9886, 0.4501, -0.9918, -0.9662, -0.7266, -0.5359, -0.9529]
m197  +++$+++  [0.9782, 0.9818, -0.9779, 0.8347, -0.9772, -0.9913, -0.9855, -0.908]
m595  +++$+++  [-0.9527, -0.9507, -0.9903, -0.9972, 0.996, -0.9722, 0.9951, 0.9522]
m28  +++$+++  [0.9964, 0.9987, 0.9955, 0.9913, 0.9984, 0.9996, 0.9982, 0.9957]
m560  +++$+++  [-0.9924, -0.8634, -0.9942, -0.9913, -0.9726, -0.3909, -0.8816, -0.9889]
m106  +++$+++  [0.9824, 0.9814, -0.9762, -0.9949, -0.9995, -0.9877, 0.999, -0.9918]
m365  +++$+++  [0.8893, -0.8876, -0.7033, -0.9656, -0.9916, 0.789, -0.8091, 0.9569]
m400  +++$+++  [-0.5133, 0.9945, 0.6901, 0.992, 0.9689, -0.9731, -0.9822, 0.9801]
m319  +++$+++  [-0.9294, 0.9663, -0.9826, -0.9688, -0.5473, -0.9821, -0.9384, 0.8908]
m420  +++$+++  [0.9915, -0.9713, -0.9605, 0.9278, 0.976, 0.8653, -0.9788, -0.5303]
m242  +++$+++  [0.8482, 0.9825, 0.9272, 0.9629, 0.9773, 0.8518, 0.7939, 0.6596]
m413  +++$+++  [0.9941, 0.9601, -0.9468, -0.9958, -0.9428, 0.8977, 0.9948, 0.9596]
m508  +++$+++  [-0.9427, 0.984, 0.6484, -0.9969, -0.9962, -0.9973, 0.9104, -0.9802]
m563  +++$+++  [0.9886, 0.9799, 0.9789, -0.4362, -0.965, -0.6517, 0.9121, -0.9907]
m498  +++$+++  [0.9918, 0.9906, 0.9761, 0.9643, 0.9945, 0.9943, 0.9981, 0.9876]
m109  +++$+++  [0.9924, 0.9984, 0.9973, 0.9953, 0.9976, 0.999, 0.9979, 0.9994]
m422  +++$+++  [0.9953, -0.9228, -0.946, -0.9854, 0.9767, -0.6439, -0.926, 0.8324]
m350  +++$+++  [-0.8409, 0.8737, 0.8753, -0.9914, -0.782, -0.8389, 0.9421, -0.9315]
m232  +++$+++  [0.7331, -0.9856, 0.978, -0.9463, 0.9929, 0.4935, 0.8364, -0.8418]
m562  +++$+++  [0.9715, 0.9889, -0.9794, 0.9766, 0.9929, 0.5531, 0.9955, 0.9906]
m234  +++$+++  [0.995, 0.5763, 0.9896, 0.4977, 0.5633, 0.9928, 0.9929, -0.9974]
m426  +++$+++  [-0.9895, 0.9073, 0.9979, 0.4085, 0.9728, -0.9325, -0.9957, 0.9715]
m212  +++$+++  [0.9683, 0.9891, 0.9981, 0.9901, -0.982, 0.9644, 0.9827, -0.8348]
m286  +++$+++  [0.9902, 0.964, 0.8805, 0.9916, 0.9667, 0.9923, 0.9943, 0.9853]
m570  +++$+++  [-0.8884, -0.977, -0.6914, -0.9871, -0.9731, -0.9981, 0.9913, -0.8476]
m201  +++$+++  [0.982, -0.9991, -0.4622, -0.9993, -0.9979, -0.9964, -0.9914, -0.935]
m554  +++$+++  [-0.8792, -0.994, -0.9442, 0.9625, -0.9477, -0.958, -0.9911, -0.9614]
m51  +++$+++  [0.9686, 0.8223, 0.99, 0.8639, 0.9917, 0.9759, 0.9688, 0.9573]
m165  +++$+++  [-0.5314, 0.5514, 0.9969, -0.7063, 0.9724, -0.9968, 0.9929, 0.954]
m20  +++$+++  [0.996, 0.9911, 0.8464, 0.9279, -0.8921, 0.9944, -0.9102, -0.7897]
m477  +++$+++  [-0.3901, 0.9591, 0.9452, 0.7722, 0.9733, -0.9643, -0.9191, -0.9824]
m466  +++$+++  [0.9892, 0.7653, -0.9378, -0.4843, 0.9824, -0.6333, 0.9809, 0.9928]
m425  +++$+++  [0.9891, -0.5023, 0.9853, 0.9969, 0.8567, 0.9861, 0.9901, 0.9598]
m213  +++$+++  [-0.9499, -0.9841, -0.9835, 0.5847, -0.9296, -0.9852, -0.9966, -0.665]
m87  +++$+++  [0.9602, -0.789, 0.9886, 0.8651, 0.9415, -0.7967, 0.8529, -0.997]
m509  +++$+++  [-0.7112, 0.7293, 0.9733, 0.9696, 0.8792, 0.972, -0.9148, 0.5041]
m176  +++$+++  [0.355, 0.9525, -0.8971, 0.9155, 0.992, 0.9949, 0.7604, 0.9933]
m183  +++$+++  [-0.9678, -0.9887, -0.9845, 0.9234, 0.7714, -0.8105, 0.8605, -0.9948]
m599  +++$+++  [0.9831, 0.9979, 0.9986, 0.9988, 0.9991, 0.9841, -0.9786, 0.9915]
m416  +++$+++  [0.9723, 0.9843, -0.8472, -0.9855, 0.7843, 0.9724, 0.9946, 0.998]
m123  +++$+++  [0.9436, -0.9869, -0.9859, 0.99, 0.9395, 0.9933, 0.9474, 0.9556]
m513  +++$+++  [0.9979, 0.9993, 0.9986, 0.9901, 0.9953, 0.9986, 0.9972, -0.9945]
m346  +++$+++  [-0.976, 0.7789, 0.8716, -0.9927, -0.9053, -0.9765, 0.9874, 0.8421]
m388  +++$+++  [0.995, 0.9754, 0.993, -0.9912, 0.9854, 0.8697, 0.9832, 0.957]
m96  +++$+++  [0.9775, 0.9795, 0.7993, 0.8838, 0.885, -0.4065, 0.896, 0.8034]
m57  +++$+++  [0.9955, 0.9967, -0.8559, -0.992, -0.9516, -0.9968, 0.9728, -0.9976]
m543  +++$+++  [0.9879, 0.9642, 0.8646, 0.9019, -0.9667, -0.7745, -0.7961, 0.9962]
m173  +++$+++  [-0.9572, -0.9964, 0.9877, 0.958, -0.8643, -0.9921, -0.8067, -0.9904]
m532  +++$+++  [0.9934, 0.9991, 0.9979, 0.9984, 0.9934, 0.9867, 0.886, -0.9475]
m464  +++$+++  [0.9975, 0.9951, 0.9938, 0.9949, 0.9982, 0.9985, 0.9933, 0.9835]
m108  +++$+++  [0.7595, 0.965, 0.9593, -0.5787, -0.8866, 0.9927, -0.5532, -0.991]
m121  +++$+++  [0.9649, -0.9789, -0.7098, -0.9726, -0.9231, 0.6504, 0.9412, 0.9982]
m411  +++$+++  [0.9811, 0.974, 0.9871, 0.9962, -0.9913, 0.9936, 0.9886, 0.9907]
m81  +++$+++  [0.8604, 0.9617, -0.6115, -0.9301, -0.9591, -0.9526, 0.6096, -0.8766]
m69  +++$+++  [0.7717, 0.9629, 0.9968, 0.939, 0.9702, 0.9886, 0.9684, -0.8254]
m527  +++$+++  [0.9819, 0.9646, 0.9942, 0.9731, 0.8055, -0.5252, -0.9859, -0.9928]
m596  +++$+++  [0.9921, 0.988, 0.9936, -0.937, -0.9073, 0.9816, -0.917, -0.9557]
m272  +++$+++  [-0.9877, -0.9606, -0.6014, -0.9046, 0.959, 0.9157, -0.9261, 0.9501]
m505  +++$+++  [-0.9985, 0.3736, -0.9986, 0.9645, 0.8805, -0.9388, -0.9875, -0.9921]
m324  +++$+++  [0.9813, -0.8644, -0.9318, -0.656, -0.9981, -0.9946, 0.9818, -0.9857]
m592  +++$+++  [-0.9948, 0.8812, 0.9742, -0.9991, 0.891, -0.9948, -0.9847, -0.9981]
m432  +++$+++  [0.9923, 0.7529, 0.9821, -0.9656, 0.9946, 0.9828, -0.9863, 0.9677]
m421  +++$+++  [0.8106, 0.9838, -0.941, 0.7793, -0.9639, -0.9961, 0.703, -0.9368]
m279  +++$+++  [0.9217, 0.9947, 0.9962, 0.9987, 0.9674, 0.997, 0.9927, 0.9732]
m507  +++$+++  [0.9959, -0.9827, 0.9061, -0.9994, -0.9812, -0.8734, -0.538, -0.9986]
m379  +++$+++  [0.9781, -0.9599, -0.9664, -0.9581, -0.9385, -0.686, -0.8639, 0.857]
