m428  +++$+++  [-0.9969, 0.995, -0.9888, 0.9406, 0.9956, -0.9664, 0.9877, 0.9336, -0.9777, -0.9976, -0.9981, 0.9966, -0.9917, 0.7522, 0.9381, 0.9688]
m15  +++$+++  [-0.8238, 0.7755, 0.9437, -0.8746, 0.8243, 0.6943, 0.7716, 0.8509, 0.9417, 0.922, 0.7018, 0.9449, -0.9837, 0.9881, -0.9828, 0.9357]
m288  +++$+++  [0.9149, -0.9346, 0.9878, 0.987, 0.7415, -0.4829, 0.9802, -0.4869, 0.9885, 0.9933, -0.9164, 0.8414, -0.9626, 0.9289, 0.9666, 0.8745]
m261  +++$+++  [0.9776, -0.4817, -0.8942, -0.8407, 0.9645, 0.5242, -0.8945, 0.9314, 0.8466, -0.988, 0.9909, -0.9733, -0.7308, -0.9254, -0.3043, -0.9084]
m339  +++$+++  [-0.5242, 0.905, -0.9147, -0.3527, -0.6123, 0.9353, -0.9645, -0.9553, -0.9345, -0.9442, -0.8638, -0.5661, 0.9074, -0.3891, -0.9084, 0.8568]
m54  +++$+++  [-0.9927, -0.9924, -0.9213, 0.9375, -0.7021, 0.9802, -0.9967, 0.9933, 0.9564, 0.9828, -0.9009, -0.948, 0.8667, 0.9443, 0.7859, -0.9816]
m94  +++$+++  [0.9859, 0.9932, -0.9474, 0.9783, -0.6846, 0.9877, 0.9971, 0.9627, 0.9958, 0.9936, 0.9922, 0.995, 0.9232, 0.9971, 0.862, 0.9811]
m321  +++$+++  [0.6415, -0.9698, -0.9846, -0.2713, -0.9817, -0.9211, -0.4881, 0.911, 0.9419, -0.9223, 0.8351, -0.8404, 0.5191, 0.8741, -0.9658, -0.9628]
m292  +++$+++  [0.798, -0.9834, -0.8665, 0.9782, -0.9832, -0.6271, 0.9894, 0.7548, -0.7992, 0.9554, 0.8809, 0.9482, 0.961, 0.9862, -0.989, 0.9959]
m40  +++$+++  [-0.977, 0.8522, 0.8949, 0.8386, -0.5009, -0.9423, -0.9407, -0.8735, -0.9491, -0.9942, 0.739, 0.9043, -0.9798, 0.9945, -0.9921, -0.9221]
m249  +++$+++  [0.8802, -0.5176, 0.7094, 0.9947, 0.9398, 0.9751, -0.8115, -0.8258, 0.9947, 0.7978, 0.9142, 0.2758, 0.96, 0.996, 0.9933, 0.9875]
m216  +++$+++  [-0.9385, 0.9679, 0.5289, -0.972, 0.9135, 0.946, 0.9945, 0.8036, -0.9714, -0.9617, -0.97, -0.98, 0.7462, -0.9624, 0.9676, -0.9485]
m612  +++$+++  [-0.9724, -0.6393, 0.7809, 0.635, -0.9807, -0.8281, 0.9465, 0.647, 0.4548, -0.9733, -0.9343, -0.9655, -0.9849, -0.6629, 0.8906, -0.7664]
m127  +++$+++  [0.9954, 0.9812, 0.9737, 0.9339, 0.9839, 0.9938, 0.9953, -0.8211, -0.9808, -0.9171, -0.9837, 0.8822, 0.9969, -0.7728, 0.7702, -0.3352]
m115  +++$+++  [0.9854, 0.8188, 0.9889, 0.5736, 0.634, -0.9307, -0.8512, 0.5817, 0.2511, -0.6147, 0.8602, 0.8924, 0.9717, 0.9836, 0.9893, 0.9677]
m408  +++$+++  [-0.7639, 0.9881, -0.8967, 0.9873, 0.9813, 0.9677, 0.9705, -0.9499, 0.9925, 0.9946, 0.988, 0.9971, 0.7733, 0.8112, 0.9883, 0.9982]
m328  +++$+++  [0.9838, 0.3816, 0.3424, -0.857, -0.9557, 0.7465, -0.7202, -0.686, 0.9757, 0.4124, 0.9437, 0.7723, -0.7293, 0.9123, -0.972, -0.8609]
m244  +++$+++  [0.9968, 0.9977, 0.9912, 0.9827, 0.9977, -0.9703, 0.8747, 0.9984, 0.9955, 0.9983, 0.9245, 0.9824, 0.906, 0.9932, 0.9927, 0.9896]
m303  +++$+++  [0.9672, 0.9224, -0.9942, -0.7571, 0.4019, -0.9644, 0.4403, -0.9323, -0.944, 0.9774, 0.9786, -0.8335, -0.9052, 0.729, -0.9829, 0.8793]
m551  +++$+++  [-0.9466, 0.9778, 0.9698, -0.9069, 0.9804, 0.9571, -0.8373, 0.973, 0.4106, 0.9697, 0.7534, -0.8436, -0.9598, -0.9296, -0.9746, 0.8427]
m8  +++$+++  [-0.7393, 0.5678, 0.9054, 0.8364, -0.5984, -0.9749, -0.9738, -0.8968, -0.9213, 0.6795, -0.7836, 0.9355, 0.7387, -0.9636, -0.7543, 0.7866]
m406  +++$+++  [0.8591, 0.0, 0.7386, 0.7003, 0.6705, 0.0, 0.0, -0.0516, 0.6705, -0.7149, 0.2168, 0.5994, -0.3736, 0.7906, 0.1717, 0.0]
m138  +++$+++  [0.2632, 0.6868, 0.8057, 0.7648, 0.827, -0.3859, 0.7299, 0.5023, -0.7744, 0.941, 0.8893, 0.7457, -0.8805, 0.8488, 0.9237, 0.9281]
m102  +++$+++  [-0.8861, 0.9825, 0.9195, -0.9562, 0.9943, 0.9131, 0.9725, 0.9967, 0.9925, 0.996, 0.9936, 0.9893, 0.4376, 0.9267, 0.977, -0.9488]
m358  +++$+++  [0.4245, 0.7746, 0.9112, -0.9136, -0.9396, 0.9924, -0.8265, -0.9776, 0.8996, 0.9056, 0.9877, -0.9701, -0.9723, -0.9749, -0.9806, -0.9858]
m489  +++$+++  [0.9539, -0.5399, 0.9376, 0.9316, -0.9173, 0.9153, -0.6038, 0.9793, 0.8459, 0.9667, 0.6385, 0.9784, -0.6845, -0.7276, 0.6817, 0.8798]
m7  +++$+++  [-0.6509, 0.3976, 0.976, -0.4658, -0.6777, -0.6251, -0.851, -0.9684, -0.9747, -0.9308, -0.8412, -0.5298, -0.672, -0.8468, -0.7096, -0.6157]
m189  +++$+++  [-0.9833, 0.8177, 0.4979, 0.9557, 0.9143, 0.9207, 0.8862, -0.9557, 0.8249, 0.9916, -0.9925, 0.7433, 0.9893, -0.8693, 0.9373, 0.8266]
m227  +++$+++  [-0.8313, 0.3989, 0.8767, 0.8954, 0.8036, 0.9631, -0.9287, 0.8793, -0.858, 0.4918, -0.9494, -0.8504, 0.3716, -0.6644, 0.8173, 0.7527]
m260  +++$+++  [0.3313, -0.9727, 0.9382, 0.8769, -0.6841, 0.4992, -0.8299, 0.9884, 0.9622, -0.6294, 0.9085, -0.4512, 0.9782, 0.889, -0.97, 0.9018]
m62  +++$+++  [0.9948, 0.9928, -0.9732, 0.9987, 0.451, -0.8903, 0.9876, -0.9809, -0.9843, 0.9532, -0.8166, 0.9623, -0.8319, 0.9885, 0.9919, 0.9602]
m174  +++$+++  [-0.3681, 0.9935, 0.9934, 0.938, 0.9816, 0.9721, 0.9665, 0.994, 0.9369, 0.9167, -0.9901, 0.9129, 0.645, 0.9818, -0.5563, 0.9042]
m149  +++$+++  [0.9989, 0.9956, 0.998, 0.9993, 0.9989, 0.9963, 0.9918, 0.991, 0.9922, 0.9997, 0.994, 0.9983, 0.9985, 0.9984, 0.9972, 0.9971]
m73  +++$+++  [0.9903, 0.9504, 0.9621, 0.3361, 0.8045, -0.8055, 0.9534, 0.9904, -0.924, -0.9652, 0.3614, -0.4146, -0.8638, 0.9289, 0.845, 0.9812]
m490  +++$+++  [0.9583, 0.9454, 0.5411, 0.9819, -0.2388, 0.5656, 0.996, 0.9832, 0.9458, 0.9227, 0.9684, 0.1795, 0.9247, -0.9301, 0.986, 0.9048]
m27  +++$+++  [-0.9736, -0.9782, 0.9941, 0.9873, -0.9822, 0.9552, 0.9365, 0.9854, 0.9954, 0.9733, 0.9967, 0.9602, 0.769, 0.9567, 0.9745, -0.5545]
m225  +++$+++  [-0.9823, 0.8021, 0.9175, 0.7584, 0.9561, 0.9624, 0.9781, 0.4461, 0.723, -0.8761, 0.9072, -0.9349, 0.953, 0.9049, 0.8491, 0.9756]
m275  +++$+++  [0.9945, 0.9984, -0.9857, 0.9681, 0.9978, 0.9957, 0.9933, 0.895, 0.9966, 0.9358, 0.995, 0.6601, 0.9906, -0.8935, 0.9429, 0.9756]
m459  +++$+++  [0.7616, -0.7182, 0.3818, 0.1921, 0.3213, 0.4266, 0.7918, 0.3182, 0.8498, -0.7044, 0.0, -0.4912, -0.7626, 0.2008, 0.296, 0.7052]
m273  +++$+++  [0.5822, -0.5501, -0.7939, -0.2837, -0.9664, -0.9738, -0.9574, -0.9137, -0.7735, -0.9803, -0.8942, -0.9802, -0.9427, -0.7452, -0.9777, -0.9732]
m383  +++$+++  [0.9653, -0.8749, -0.9533, 0.9943, -0.8524, -0.9792, -0.8961, -0.9438, 0.9841, 0.9664, 0.9797, -0.9795, -0.9776, 0.4954, -0.9879, -0.8449]
m448  +++$+++  [-0.2591, 0.9149, 0.9706, 0.9232, 0.9514, -0.9146, -0.9411, 0.7971, 0.8593, 0.9756, 0.972, -0.9035, 0.9748, 0.9557, 0.9921, -0.5734]
m517  +++$+++  [0.2673, -0.309, 0.9647, -0.6032, 0.8916, 0.9673, -0.9371, -0.8184, -0.7198, -0.9341, 0.9104, 0.9695, -0.3954, -0.8748, 0.4864, -0.9766]
m603  +++$+++  [0.76, -0.9586, -0.9342, -0.8864, 0.957, -0.8864, -0.8394, 0.9823, 0.7963, 0.9916, 0.8948, 0.9536, -0.9292, -0.8193, -0.9544, -0.9259]
m271  +++$+++  [-0.5316, -0.7973, -0.808, 0.9198, -0.9696, -0.7239, 0.7169, -0.9448, 0.898, -0.9798, 0.9668, 0.5994, -0.696, -0.8948, -0.9563, -0.9674]
m314  +++$+++  [0.9878, 0.6714, 0.8004, -0.9773, -0.9061, 0.2642, -0.9872, 0.9537, -0.9623, -0.9914, -0.971, -0.991, -0.992, -0.9788, 0.9786, -0.9873]
m308  +++$+++  [0.995, 0.9481, 0.9843, 0.9501, 0.9785, 0.9885, -0.8391, 0.9874, 0.9785, 0.9799, 0.9911, 0.993, 0.9902, 0.9959, 0.9923, 0.9954]
m481  +++$+++  [-0.5402, 0.948, 0.4225, 0.833, -0.9706, 0.9957, 0.9969, 0.9903, 0.6938, 0.9816, 0.9694, 0.9828, 0.9421, -0.963, -0.9765, -0.9139]
m53  +++$+++  [0.9793, 0.8147, 0.9949, 0.9928, -0.9524, 0.9932, 0.8966, 0.9969, 0.9946, 0.9983, 0.9972, 0.9984, 0.9929, 0.9948, 0.973, 0.9977]
m394  +++$+++  [0.7967, 0.7584, -0.9329, 0.9632, 0.6966, 0.9497, -0.9421, -0.5185, -0.8873, -0.7868, -0.9032, -0.917, -0.9119, 0.7012, -0.9741, 0.9486]
m340  +++$+++  [-0.6409, 0.9425, 0.9757, 0.9666, -0.9116, 0.9886, 0.9798, 0.9908, 0.9089, 0.8831, -0.8272, 0.978, -0.9107, 0.8358, 0.9492, 0.9571]
m95  +++$+++  [0.3094, 0.9342, -0.3736, 0.5994, 0.0, -0.4993, 0.8196, 0.6767, 0.7458, -0.4051, -0.593, -0.8105, 0.5661, 0.5362, 0.0818, 0.743]
m193  +++$+++  [0.9393, 0.9859, 0.6628, 0.9719, 0.9743, 0.961, -0.9174, 0.9907, 0.9853, -0.5822, -0.9761, 0.6051, 0.8513, 0.9433, -0.6517, 0.9972]
m250  +++$+++  [0.972, 0.9956, -0.9423, -0.5693, -0.8595, -0.2596, -0.9339, 0.9592, 0.7512, -0.8224, 0.9834, -0.9051, 0.2413, -0.5968, 0.9729, -0.968]
m217  +++$+++  [0.9856, 0.9941, 0.9097, 0.9002, 0.9713, 0.9937, 0.9379, 0.9926, -0.9032, 0.9798, 0.956, -0.8308, -0.9775, 0.9923, -0.9693, 0.9658]
m180  +++$+++  [0.9929, 0.9892, -0.79, -0.4867, 0.81, -0.8754, 0.9053, 0.9129, -0.9073, 0.9849, 0.986, 0.8345, 0.83, 0.7915, 0.9438, 0.942]
m577  +++$+++  [0.9619, 0.9828, 0.9526, 0.98, 0.9882, 0.5706, -0.7455, -0.953, 0.9368, 0.8733, 0.5794, 0.972, 0.8375, -0.8299, 0.8952, -0.9882]
m360  +++$+++  [0.3396, 0.6673, -0.8507, -0.2025, -0.9317, -0.6507, -0.805, 0.7473, 0.7569, 0.8575, 0.5432, 0.7187, 0.7059, -0.8105, -0.33, 0.6916]
m299  +++$+++  [0.9941, -0.7384, -0.9982, 0.9431, -0.7526, 0.9021, -0.9751, -0.9979, 0.8365, 0.6139, 0.9924, 0.9957, -0.9931, -0.985, -0.9987, 0.8097]
m60  +++$+++  [-0.9833, -0.8464, -0.9683, -0.7722, -0.992, -0.9803, -0.5049, -0.9972, -0.9798, 0.9023, -0.9755, -0.9987, 0.9877, -0.6095, -0.8763, -0.854]
m233  +++$+++  [0.9413, 0.9819, 0.9948, -0.4861, 0.5787, 0.9327, 0.9862, 0.6892, 0.981, 0.9811, -0.8295, 0.9944, 0.9311, 0.991, 0.7342, 0.9615]
m402  +++$+++  [0.9967, 0.9054, 0.735, 0.9948, 0.9801, -0.5905, 0.9948, 0.9515, 0.9915, 0.9944, 0.987, 0.995, 0.9769, 0.9759, -0.9781, 0.9537]
m135  +++$+++  [-0.7418, 0.5312, -0.8718, 0.8808, 0.8886, -0.4419, -0.6875, 0.8611, 0.7359, -0.8974, -0.9577, 0.6939, 0.7326, -0.7011, -0.4173, -0.8907]
m17  +++$+++  [0.695, 0.8365, 0.8264, -0.9326, -0.354, 0.6467, 0.6961, 0.9797, 0.9503, -0.9917, 0.7519, -0.8064, -0.9938, 0.9906, -0.9923, -0.9946]
m13  +++$+++  [0.9708, 0.3094, 0.9952, 0.744, 0.521, -0.9501, 0.9647, 0.7255, 0.9173, -0.5695, 0.5676, 0.7932, 0.9446, 0.8579, -0.6243, 0.9821]
m611  +++$+++  [0.964, 0.2955, -0.5803, -0.9086, -0.9521, 0.7018, -0.9909, 0.6861, 0.7027, -0.9699, -0.9952, 0.8604, -0.9443, -0.8253, -0.9775, -0.7312]
m395  +++$+++  [0.9871, 0.9361, 0.9819, 0.9676, 0.9704, -0.9379, 0.99, -0.8966, 0.9765, 0.9756, 0.8255, 0.859, -0.9834, -0.6786, 0.9833, 0.9769]
m278  +++$+++  [-0.7829, 0.955, -0.9938, 0.9675, 0.9581, 0.9962, -0.935, -0.9901, -0.9439, 0.9912, 0.7434, 0.9087, 0.9807, 0.8239, -0.7738, -0.9969]
m295  +++$+++  [-0.9558, -0.8111, 0.9877, -0.7198, 0.6964, -0.966, -0.9874, -0.9768, -0.987, -0.9935, -0.5212, 0.8963, -0.9647, -0.9844, -0.9776, 0.993]
m514  +++$+++  [0.9949, -0.783, 0.9131, 0.8785, 0.9906, 0.9955, 0.9819, 0.9606, 0.973, 0.9658, 0.9831, 0.9955, 0.9641, 0.9727, 0.967, -0.7182]
m1  +++$+++  [0.9748, -0.6994, 0.9428, 0.697, 0.7966, 0.5377, -0.5679, -0.8161, -0.9209, 0.8761, 0.8763, -0.9236, -0.9665, 0.9652, 0.9828, -0.3991]
m567  +++$+++  [-0.853, 0.8525, 0.9428, -0.8553, 0.439, 0.9641, 0.9582, 0.8676, 0.9605, 0.8146, -0.6219, 0.9568, 0.7511, 0.666, -0.5013, 0.711]
m237  +++$+++  [0.8843, 0.9194, -0.4497, 0.684, 0.9563, 0.8619, 0.6172, 0.5088, 0.8201, 0.4682, -0.8708, 0.8035, -0.9421, 0.5087, -0.4149, -0.5676]
m61  +++$+++  [-0.9601, -0.916, -0.9254, 0.4049, -0.9071, 0.9347, 0.9447, 0.9684, 0.8613, 0.86, -0.9018, 0.5184, -0.7748, -0.4808, -0.8809, 0.8639]
m332  +++$+++  [-0.6283, 0.9563, 0.9679, -0.9933, -0.947, -0.7678, -0.981, 0.9734, -0.8786, 0.9458, -0.9694, 0.8029, -0.9848, -0.944, -0.9927, -0.976]
m156  +++$+++  [0.7019, 0.9557, -0.4521, 0.7145, 0.8862, 0.8582, 0.9545, -0.9358, 0.689, -0.9602, -0.9947, -0.84, 0.9893, -0.9692, -0.9516, -0.9866]
m453  +++$+++  [0.9886, 0.9676, 0.9891, 0.9704, 0.9743, 0.9847, -0.6935, 0.983, -0.5192, 0.9819, -0.7828, 0.9888, 0.9869, 0.9356, 0.9698, 0.9504]
m143  +++$+++  [-0.7034, 0.8507, 0.9499, -0.9184, -0.877, 0.9717, -0.9872, 0.6453, 0.9384, -0.8652, 0.972, -0.8145, 0.9654, -0.9859, 0.9555, 0.9038]
m43  +++$+++  [-0.504, -0.5255, -0.6628, 0.9887, 0.9164, -0.9456, -0.9912, 0.8695, -0.4102, 0.8248, -0.528, -0.9443, 0.9813, -0.2986, 0.9377, 0.8699]
m407  +++$+++  [0.8254, -0.7149, -0.9336, 0.7099, 0.9701, 0.7617, -0.776, -0.953, -0.8902, -0.9882, -0.5433, -0.7114, -0.9743, 0.6723, 0.9568, 0.9155]
m336  +++$+++  [0.9771, 0.9873, 0.9863, 0.9767, 0.9795, 0.941, -0.986, -0.8894, -0.9894, -0.4546, -0.988, 0.9862, 0.8696, -0.8969, 0.9413, 0.8321]
m241  +++$+++  [-0.9746, 0.4924, 0.6306, 0.9503, -0.5732, -0.8897, 0.9476, -0.9814, -0.9753, -0.9879, -0.9114, 0.5003, -0.9714, -0.8968, -0.9794, -0.9517]
m447  +++$+++  [0.2853, 0.8253, 0.5225, 0.8731, -0.8946, 0.9545, 0.8807, -0.9007, -0.594, 0.4836, -0.9046, 0.989, 0.9278, -0.9007, -0.8847, 0.8619]
m460  +++$+++  [0.9044, 0.5514, -0.9387, 0.4866, -0.8852, -0.7988, -0.8738, -0.4614, 0.8141, -0.5789, -0.9457, 0.5851, 0.6702, -0.9728, -0.9806, -0.9427]
m11  +++$+++  [0.8784, -0.9233, 0.9008, 0.9223, 0.9587, -0.9703, -0.3125, 0.8981, 0.9526, -0.9685, -0.654, 0.5176, -0.7072, 0.3504, -0.4798, -0.9175]
m409  +++$+++  [0.967, 0.9549, 0.9709, 0.5983, -0.8375, 0.8875, -0.6868, 0.9558, 0.9568, -0.6189, 0.8936, 0.9331, 0.9654, -0.9565, 0.9837, 0.9398]
m23  +++$+++  [0.9702, -0.7627, 0.9462, 0.9219, -0.6682, -0.9409, -0.2885, -0.9258, -0.9107, -0.9179, 0.985, -0.9573, 0.8755, 0.9294, -0.9822, 0.9189]
m166  +++$+++  [-0.8542, -0.9688, -0.3313, 0.808, -0.991, -0.7009, 0.9945, -0.9828, -0.7377, 0.8786, 0.9904, -0.976, -0.9986, -0.9988, 0.7748, 0.9791]
m265  +++$+++  [0.9935, 0.5094, 0.7188, 0.6076, -0.5362, 0.9707, 0.9571, 0.675, -0.845, 0.9405, -0.9821, 0.9622, -0.9758, 0.8448, -0.9951, -0.8417]
m80  +++$+++  [-0.8727, 0.8195, -0.8331, -0.8704, -0.4833, 0.9276, 0.7622, -0.7131, -0.3313, -0.8059, -0.107, 0.8597, -0.8636, -0.4606, 0.9723, -0.4367]
m41  +++$+++  [0.9366, 0.5302, -0.9756, -0.755, -0.9587, 0.9799, -0.9018, -0.9809, 0.939, -0.9437, -0.9673, 0.926, -0.9649, -0.924, 0.9698, -0.7662]
m2  +++$+++  [0.971, 0.9228, 0.9745, 0.8941, -0.9855, -0.9944, -0.8375, -0.9659, -0.5224, 0.9961, -0.6874, -0.8246, 0.9643, -0.9751, -0.9825, -0.9931]
m483  +++$+++  [0.8808, -0.838, 0.78, -0.0525, -0.6298, 0.264, 0.0, 0.8197, 0.9475, 0.6153, 0.907, -0.2656, -0.128, 0.6845, 0.9226, -0.6566]
m515  +++$+++  [0.9423, -0.8165, 0.8212, 0.923, -0.7707, 0.967, 0.8163, 0.9799, -0.6031, 0.9621, -0.7723, -0.53, 0.6836, 0.2856, 0.9416, -0.8759]
m377  +++$+++  [0.9825, -0.9301, -0.9522, -0.9078, 0.9702, -0.9419, 0.819, 0.9627, 0.9182, 0.9703, 0.9207, -0.8512, 0.6517, 0.9328, -0.7202, 0.7817]
m438  +++$+++  [0.9295, 0.4914, -0.7076, 0.7749, -0.958, 0.9369, -0.908, -0.8992, -0.9413, -0.9092, 0.8547, -0.9278, -0.8147, 0.7342, -0.6579, -0.7789]
m591  +++$+++  [-0.993, -0.9819, -0.9913, -0.924, -0.8257, -0.5324, -0.9586, -0.9975, -0.9431, 0.8178, 0.7979, 0.779, -0.9493, 0.9643, -0.9389, -0.9737]
m4  +++$+++  [-0.9332, 0.9644, -0.9905, -0.9666, -0.9887, -0.8817, -0.8767, -0.8824, -0.6553, 0.9382, -0.9049, 0.8456, 0.946, 0.9759, 0.9357, 0.9897]
m435  +++$+++  [0.9969, 0.9974, 0.9964, 0.9748, 0.9965, 0.9972, 0.9965, 0.9928, 0.998, 0.9956, 0.9971, 0.9853, 0.9937, 0.9938, 0.9994, 0.9983]
m330  +++$+++  [0.993, 0.9793, -0.9748, 0.9948, 0.8359, -0.9383, 0.8787, -0.8403, 0.9955, 0.8353, 0.5513, 0.9633, 0.9792, -0.9679, -0.9374, 0.9677]
m457  +++$+++  [-0.6115, -0.9693, 0.9474, -0.9621, -0.2704, -0.8859, 0.9413, -0.9953, 0.9468, -0.2542, 0.9514, -0.4682, 0.3211, 0.9841, -0.9554, -0.9638]
m307  +++$+++  [-0.7059, 0.9388, -0.6523, -0.8577, 0.3765, -0.9182, -0.9122, 0.9318, 0.9241, -0.9052, 0.4137, 0.9386, 0.5577, -0.8721, 0.4742, 0.5362]
m524  +++$+++  [0.9692, 0.9501, 0.5332, 0.9525, -0.9238, -0.865, -0.984, 0.9767, 0.8878, 0.9035, -0.8267, -0.8377, -0.7846, 0.9532, -0.7897, 0.995]
m98  +++$+++  [0.9908, 0.8697, -0.7222, 0.9847, -0.7866, -0.9654, 0.9177, 0.9563, 0.9602, 0.985, -0.6159, -0.5556, 0.9551, 0.9488, 0.894, 0.9921]
m114  +++$+++  [0.7469, 0.9732, -0.9821, 0.9251, -0.8487, 0.9254, 0.9066, 0.9844, -0.8258, 0.8282, 0.9748, 0.7213, 0.8967, 0.6235, -0.9646, 0.9516]
m318  +++$+++  [0.9969, 0.9937, -0.9858, 0.9702, -0.84, 0.8633, 0.9832, 0.9882, -0.9475, 0.9931, -0.8847, 0.994, -0.5321, 0.9605, 0.9505, 0.9597]
m207  +++$+++  [-0.9644, 0.9423, 0.9637, 0.8766, 0.9896, 0.9035, 0.9663, 0.7427, 0.9955, 0.9907, 0.984, 0.9251, 0.9928, 0.9872, 0.9335, -0.8645]
m381  +++$+++  [-0.813, 0.9053, 0.981, 0.9896, 0.9025, 0.9636, 0.6177, 0.9889, 0.9763, 0.9729, 0.7573, 0.9447, 0.9715, 0.8862, 0.9876, 0.9523]
m510  +++$+++  [0.8703, 0.8627, -0.9157, 0.7391, 0.5598, 0.899, 0.8596, 0.9067, 0.5615, -0.8789, 0.5169, 0.9465, -0.97, -0.9288, 0.8419, -0.4486]
m91  +++$+++  [-0.9739, 0.9552, 0.941, 0.9783, -0.4757, -0.9611, -0.7458, -0.9414, -0.9463, 0.5867, -0.812, 0.9627, 0.8435, 0.9272, 0.969, 0.9667]
m132  +++$+++  [0.9166, 0.9246, 0.9238, 0.9856, 0.9982, 0.9769, 0.9644, 0.9957, 0.9812, 0.9956, 0.9695, 0.981, 0.9969, 0.9873, -0.7498, 0.8646]
m52  +++$+++  [0.5918, 0.9962, 0.9425, -0.8541, 0.3858, -0.6362, 0.981, -0.9795, 0.9512, -0.9594, 0.9251, 0.7979, 0.8073, -0.9947, 0.864, -0.9725]
m283  +++$+++  [0.9904, 0.9897, 0.9859, 0.989, 0.9153, -0.972, 0.9042, 0.9979, 0.9851, -0.9869, 0.9837, 0.9863, -0.9834, 0.9886, 0.5938, -0.826]
m107  +++$+++  [-0.9734, -0.909, -0.4314, 0.9881, -0.9473, -0.9811, -0.8677, -0.9945, -0.9688, -0.9682, 0.5615, 0.8066, -0.9925, -0.9701, 0.9257, 0.9624]
m206  +++$+++  [0.168, 0.6189, -0.881, -0.802, 0.7929, 0.6276, 0.4753, -0.1531, 0.3391, 0.0, -0.372, -0.8575, -0.4696, 0.2885, -0.5913, 0.8722]
m452  +++$+++  [0.9804, 0.9932, 0.7241, 0.991, 0.7337, 0.9957, 0.716, 0.9358, 0.9817, 0.9414, 0.9153, 0.9701, 0.9226, -0.3371, 0.8061, 0.857]
m386  +++$+++  [-0.8787, 0.9796, -0.9877, -0.9576, 0.5685, -0.8923, 0.6915, 0.9948, 0.7203, 0.9744, -0.6559, 0.9539, -0.9897, 0.9556, 0.9246, 0.9654]
m85  +++$+++  [0.5213, 0.7072, 0.3094, -0.4095, 0.9143, 0.8738, 0.7369, 0.8152, -0.5178, 0.858, -0.9156, -0.6836, 0.9765, -0.725, -0.9689, -0.476]
m343  +++$+++  [0.5279, -0.8177, 0.9424, -0.9812, -0.8931, -0.9739, 0.8376, 0.9774, 0.9752, 0.9917, 0.942, 0.9696, -0.9672, -0.966, -0.7134, -0.9592]
m539  +++$+++  [0.9712, 0.9829, 0.4903, 0.9939, -0.8302, 0.986, 0.9945, 0.9835, 0.988, 0.9825, 0.9894, 0.93, 0.9808, 0.8911, -0.9066, 0.52]
m451  +++$+++  [0.9858, 0.9943, 0.9759, 0.9676, 0.899, 0.9946, 0.9763, 0.9704, 0.9883, 0.9796, 0.9962, 0.9106, 0.9839, 0.7568, 0.9939, 0.983]
m45  +++$+++  [0.9072, 0.9706, 0.9968, -0.9852, 0.9309, 0.996, -0.5576, 0.994, -0.9656, 0.9957, 0.9348, 0.417, -0.8769, -0.992, 0.9569, 0.9516]
m162  +++$+++  [0.9953, 0.9923, 0.9681, 0.926, 0.9888, 0.9849, 0.8897, 0.9841, 0.9903, 0.9904, 0.992, 0.9667, 0.7648, 0.6769, 0.9783, 0.9768]
m470  +++$+++  [0.9203, 0.6981, -0.6036, -0.3313, -0.8718, -0.9477, 0.6664, 0.7929, 0.4657, 0.5892, 0.359, -0.7279, 0.1906, 0.9613, 0.8121, -0.734]
m37  +++$+++  [-0.9741, -0.9097, -0.7988, 0.9762, -0.9814, -0.9522, -0.9902, -0.9962, -0.9952, -0.9443, -0.9981, -0.9931, -0.9918, -0.9858, 0.989, 0.8543]
m16  +++$+++  [0.9846, 0.9995, 0.9989, 0.9953, 0.9963, 0.9978, 0.9935, 0.9967, 0.977, 0.9967, 0.9964, 0.9984, 0.9436, 0.9945, 0.9988, 0.982]
m372  +++$+++  [-0.6979, -0.9789, -0.9586, -0.8603, 0.8416, -0.9968, -0.977, -0.9381, 0.9597, -0.9765, 0.7783, -0.7751, 0.2686, -0.9763, -0.9144, 0.9123]
m600  +++$+++  [-0.3598, 0.8634, 0.9656, -0.5435, -0.6712, -0.242, 0.9402, -0.8834, -0.7506, 0.8527, 0.8343, 0.9425, -0.515, 0.9608, -0.7302, 0.8725]
m154  +++$+++  [0.957, -0.7544, 0.8744, 0.9935, 0.976, 0.992, 0.8776, -0.7784, 0.751, -0.7194, -0.77, -0.6284, -0.7571, 0.9872, 0.9745, 0.9909]
m327  +++$+++  [-0.7503, 0.9741, 0.9968, 0.98, 0.9634, 0.9885, 0.951, 0.9638, 0.887, 0.9932, 0.9841, 0.8507, 0.9897, 0.9868, 0.9893, 0.9909]
m455  +++$+++  [-0.6583, -0.6265, 0.9632, -0.8663, 0.9879, 0.7176, 0.8566, 0.9823, 0.985, 0.9903, -0.6737, 0.9303, 0.8185, 0.9497, 0.9218, 0.9077]
m491  +++$+++  [-0.781, 0.9914, -0.9898, -0.9925, 0.9582, 0.9915, 0.9657, 0.9744, 0.9967, -0.6195, 0.9952, 0.9952, -0.9758, 0.9897, -0.7453, 0.9637]
m530  +++$+++  [0.7081, 0.9815, 0.4096, 0.9983, 0.9761, 0.9934, 0.9869, 0.9701, 0.9922, 0.9543, -0.8988, -0.8896, -0.9055, -0.9933, 0.9023, 0.8186]
m145  +++$+++  [-0.8344, 0.9818, 0.9849, 0.9644, -0.9708, -0.8465, -0.4352, -0.9782, -0.5221, 0.9786, -0.6588, -0.9723, 0.9773, -0.9861, -0.9013, -0.8184]
m104  +++$+++  [-0.9956, -0.9757, -0.9784, -0.9882, -0.968, -0.974, -0.9962, -0.7595, 0.7799, -0.8641, -0.9911, -0.9957, -0.9927, -0.9931, -0.9962, 0.7259]
m284  +++$+++  [-0.9661, -0.9591, -0.9733, -0.9929, -0.9852, -0.5637, 0.8363, 0.8745, -0.8965, 0.9898, -0.9616, -0.9543, 0.9671, -0.9767, -0.9956, -0.9878]
m355  +++$+++  [0.6699, 0.9891, -0.7634, 0.975, 0.9752, 0.9911, -0.9059, 0.6706, 0.9226, 0.9638, 0.9245, 0.9761, 0.9934, 0.947, 0.5209, 0.9359]
m418  +++$+++  [-0.6476, -0.9873, 0.586, 0.7226, -0.7568, 0.6603, -0.7076, 0.9012, 0.9883, 0.9852, 0.7189, -0.9934, -0.9603, -0.8622, -0.7284, 0.9515]
m222  +++$+++  [-0.9778, 0.9529, -0.9613, 0.9579, -0.9494, -0.9591, 0.7118, -0.9219, -0.9859, -0.3937, -0.9186, -0.9807, -0.9714, 0.8578, -0.7765, 0.82]
m461  +++$+++  [0.8995, -0.5052, 0.4683, 0.9813, 0.4715, -0.8959, -0.9463, 0.8812, -0.8161, -0.9308, 0.3639, -0.8642, 0.5243, -0.8919, -0.7805, 0.9891]
m323  +++$+++  [0.9565, 0.9848, 0.8959, -0.8443, -0.9271, -0.9746, -0.9421, 0.9499, -0.5759, 0.4632, 0.8406, -0.9846, 0.9526, 0.9846, -0.9815, 0.8097]
m167  +++$+++  [0.6321, 0.9955, 0.8911, 0.8991, -0.8775, -0.9148, -0.5979, -0.7907, -0.896, 0.7486, 0.8755, 0.9926, 0.9509, 0.9712, 0.5076, -0.7932]
m191  +++$+++  [0.9806, -0.4122, -0.8363, 0.3632, 0.8792, 0.9642, -0.954, -0.7524, 0.4871, -0.7549, -0.9771, 0.3918, -0.9452, 0.8953, 0.8712, -0.9328]
m33  +++$+++  [0.9343, 0.8111, -0.8056, 0.4912, 0.5927, -0.6179, -0.965, -0.858, -0.7252, 0.3378, -0.7611, -0.9451, 0.4098, -0.9779, 0.9575, 0.8851]
m246  +++$+++  [0.9981, 0.9934, 0.9912, 0.9888, 0.9902, 0.998, 0.99, 0.9752, 0.9923, 0.9756, 0.9947, 0.9882, 0.9954, 0.9846, 0.9958, 0.9925]
m151  +++$+++  [-0.7312, 0.7698, 0.9789, 0.9588, -0.6056, 0.623, 0.8878, 0.6948, 0.8983, 0.9556, -0.6199, 0.9785, -0.9494, 0.647, -0.978, -0.5264]
m380  +++$+++  [0.9988, 0.9939, 0.9839, 0.9988, 0.9956, 0.9992, 0.9715, 0.9918, 0.9653, 0.8862, -0.5693, 0.992, 0.9765, 0.9867, 0.988, 0.9989]
m67  +++$+++  [-0.9089, 0.4137, 0.911, -0.9698, 0.9168, 0.9688, 0.9203, 0.5176, 0.9803, -0.8307, 0.4886, 0.9548, 0.428, 0.9207, -0.5264, 0.946]
m35  +++$+++  [0.9912, 0.992, 0.9909, -0.9234, 0.9973, 0.9047, 0.985, 0.8757, 0.9985, 0.8566, 0.9921, 0.9976, 0.9887, 0.9952, 0.9949, 0.9495]
m544  +++$+++  [-0.6336, 0.9627, 0.9833, 0.8542, -0.9869, 0.8619, 0.9378, 0.8996, 0.9793, 0.9704, 0.8282, 0.9541, 0.9654, 0.9829, -0.9417, -0.9891]
m221  +++$+++  [0.9697, 0.9688, 0.6628, 0.9341, -0.989, -0.9765, -0.861, -0.9583, 0.9843, -0.9378, -0.9656, -0.9494, 0.8182, -0.9778, 0.9462, -0.9779]
m46  +++$+++  [0.9399, 0.9374, -0.9679, 0.8803, 0.9501, -0.7288, 0.9379, 0.6931, -0.9702, -0.9692, -0.9502, 0.9476, -0.891, 0.9749, 0.8132, 0.972]
m111  +++$+++  [-0.7954, 0.9733, -0.8721, 0.781, 0.9945, 0.9949, 0.824, -0.5653, 0.963, -0.8361, 0.6154, 0.9752, 0.9614, -0.9898, 0.4832, 0.9113]
m259  +++$+++  [0.9595, 0.9358, -0.812, 0.8372, -0.7114, 0.5842, 0.98, 0.8198, -0.9475, -0.367, 0.6662, 0.8022, 0.9639, -0.7941, 0.4863, -0.9875]
m255  +++$+++  [-0.6072, -0.9388, 0.9572, -0.9776, 0.4357, 0.6901, 0.78, 0.7932, 0.8456, -0.8324, -0.6864, -0.826, 0.6024, 0.8806, -0.9598, -0.9782]
m29  +++$+++  [0.9333, 0.9861, -0.9638, 0.8961, -0.8431, -0.999, -0.9878, -0.9927, -0.9967, -0.9977, -0.9889, -0.9953, -0.8121, -0.9849, 0.9339, -0.9956]
m34  +++$+++  [-0.9577, 0.5888, 0.9789, 0.9918, -0.7172, -0.6879, 0.9755, 0.9206, 0.9547, 0.8411, 0.7072, 0.3975, 0.9626, -0.8272, 0.9443, -0.4446]
m200  +++$+++  [0.9916, 0.9734, 0.9766, 0.8656, -0.9814, -0.6726, 0.9614, -0.9632, -0.9744, 0.7561, 0.8591, 0.7108, -0.9904, 0.9327, -0.9861, 0.9954]
m300  +++$+++  [0.9851, 0.9888, -0.675, 0.6989, -0.9535, -0.8477, -0.9907, 0.6483, 0.9267, 0.5897, 0.9823, -0.953, -0.9924, -0.8413, -0.5712, 0.9054]
m133  +++$+++  [-0.7796, 0.9552, 0.9618, -0.9639, 0.8962, -0.4941, 0.6707, -0.9872, -0.9298, 0.9779, 0.5391, -0.9233, 0.7301, -0.8916, 0.9472, 0.6628]
m3  +++$+++  [0.9927, 0.9966, 0.9366, 0.9522, 0.9873, 0.8504, 0.9205, 0.9773, -0.6823, 0.9645, 0.798, 0.9605, 0.6847, 0.9952, -0.2678, -0.9275]
m582  +++$+++  [0.3546, 0.9792, 0.9606, 0.7608, 0.95, -0.5394, 0.9916, 0.3479, -0.6386, 0.9727, -0.9358, -0.2892, -0.9937, 0.6328, -0.6105, -0.825]
m10  +++$+++  [-0.9738, 0.6734, 0.6732, -0.871, 0.8219, -0.9938, -0.912, -0.9778, 0.9903, -0.8041, -0.945, -0.9596, -0.7966, 0.548, -0.9326, 0.9761]
m75  +++$+++  [0.9784, 0.9882, 0.9709, 0.9823, 0.9923, 0.455, -0.7091, 0.5907, 0.9891, 0.9737, 0.9799, 0.9612, 0.6259, -0.6429, -0.5686, 0.8533]
m366  +++$+++  [0.9555, 0.9525, 0.8972, 0.8604, 0.5397, -0.833, -0.8223, -0.9013, 0.9448, 0.9284, -0.777, -0.7659, 0.9276, 0.9187, 0.7783, 0.7472]
m424  +++$+++  [-0.8772, -0.8932, -0.9452, 0.9308, 0.8645, -0.8473, -0.7497, -0.8105, -0.9879, -0.9049, 0.7377, 0.9566, -0.9893, -0.8934, 0.9743, -0.9609]
m446  +++$+++  [0.8844, 0.9943, 0.9923, 0.9834, 0.8988, 0.9695, 0.8645, 0.9699, 0.9795, -0.7678, 0.8002, 0.9936, 0.5147, 0.908, 0.9927, 0.6407]
m469  +++$+++  [0.9746, 0.9967, 0.9764, 0.9497, 0.8663, 0.9987, 0.9968, 0.9893, 0.9935, 0.9819, 0.9621, 0.9888, 0.9878, 0.9951, -0.6087, 0.9941]
m561  +++$+++  [0.8945, 0.9576, 0.9951, 0.9787, 0.9832, 0.9868, 0.9701, 0.9575, 0.9814, 0.9773, -0.9888, 0.9032, -0.5389, -0.9592, 0.9493, 0.9835]
m533  +++$+++  [-0.9787, 0.9821, -0.9833, 0.963, -0.5629, 0.8944, 0.989, 0.9932, 0.9693, -0.9973, -0.9746, 0.9194, 0.7702, 0.9776, 0.9765, 0.7604]
m414  +++$+++  [0.7038, 0.9436, 0.6706, 0.9185, 0.6973, -0.8525, 0.7954, 0.5615, -0.9013, 0.9737, 0.8541, -0.8758, 0.8598, -0.819, -0.5152, -0.925]
m277  +++$+++  [0.7738, -0.9598, 0.2091, -0.8279, 0.9071, 0.9636, -0.7343, 0.6767, -0.6632, -0.3313, 0.3632, -0.8426, -0.8873, 0.8644, 0.7739, 0.9135]
m310  +++$+++  [0.8868, 0.9866, 0.9941, 0.6764, 0.9714, 0.5013, -0.9812, -0.9887, -0.9326, -0.7891, -0.961, -0.761, 0.8013, 0.9574, -0.9687, 0.9883]
m439  +++$+++  [-0.9293, -0.9685, 0.973, -0.9587, -0.9562, 0.4331, 0.8157, -0.9182, 0.9829, -0.9778, -0.9448, -0.9301, -0.9682, -0.9221, -0.9786, -0.9777]
m347  +++$+++  [0.987, 0.9863, 0.9913, 0.9833, 0.9449, 0.9898, 0.7918, 0.9886, 0.9472, 0.9407, 0.9794, 0.9927, 0.9229, -0.6326, 0.7009, 0.9803]
m593  +++$+++  [-0.9767, -0.8656, 0.9656, -0.4192, 0.9614, 0.9737, 0.8716, 0.8675, 0.988, -0.5124, 0.727, 0.7469, 0.5351, 0.9049, 0.8728, 0.9713]
m465  +++$+++  [0.507, 0.9818, 0.9932, 0.9921, 0.9631, 0.9904, 0.9941, 0.9429, 0.968, 0.9844, 0.9435, 0.9736, 0.9854, 0.9837, 0.8773, 0.9456]
m389  +++$+++  [-0.9892, -0.6789, -0.9108, -0.9589, 0.98, -0.9636, -0.6312, -0.7669, -0.3352, -0.961, -0.892, -0.7566, -0.9912, -0.5351, -0.9076, -0.9614]
m583  +++$+++  [0.8015, 0.8292, 0.9793, 0.9826, -0.91, 0.9535, 0.7867, 0.959, -0.9629, -0.9384, -0.6733, 0.5554, 0.3941, -0.763, 0.9783, -0.9775]
m68  +++$+++  [0.9067, -0.8079, 0.9825, 0.9758, 0.9753, -0.9793, -0.9867, 0.9774, -0.9727, -0.6957, -0.9733, -0.9731, 0.939, -0.8454, 0.9176, 0.5984]
m471  +++$+++  [0.9691, 0.9957, 0.5518, 0.9492, -0.9416, 0.9835, 0.7086, 0.8141, 0.364, 0.9782, 0.5587, -0.98, 0.9916, 0.9955, -0.86, 0.996]
m528  +++$+++  [-0.466, 0.7833, -0.8868, 0.9911, 0.9115, -0.9911, -0.9678, 0.8441, 0.5641, 0.8443, -0.9127, -0.6016, -0.6553, -0.9696, -0.9926, -0.9952]
m403  +++$+++  [0.9485, 0.9853, 0.9556, 0.8727, 0.9473, -0.9847, -0.9957, -0.8879, 0.9831, -0.9752, 0.9813, 0.9775, 0.8348, -0.9676, -0.903, -0.9675]
m179  +++$+++  [-0.7724, -0.7752, -0.3962, 0.3367, 0.5931, 0.1361, -0.4371, -0.5768, 0.9721, -0.7266, -0.9467, -0.4619, -0.9488, 0.7533, -0.5808, 0.6968]
m228  +++$+++  [0.8943, 0.7691, 0.9803, -0.9855, 0.9781, 0.9827, 0.9792, -0.8039, -0.9833, 0.5782, 0.8807, -0.8208, -0.9659, 0.9477, 0.934, 0.9052]
m178  +++$+++  [0.9975, 0.9981, 0.9827, 0.9944, 0.9989, 0.9942, 0.9979, 0.9658, 0.9975, 0.9981, 0.9862, 0.9957, 0.9262, 0.9849, 0.8825, -0.9847]
m90  +++$+++  [0.9963, 0.9936, 0.9992, 0.9926, 0.9372, 0.9952, 0.9974, 0.9934, 0.9399, -0.9652, -0.9147, 0.9158, 0.9711, -0.9835, -0.9848, 0.9985]
m139  +++$+++  [0.9791, 0.9937, 0.997, 0.9888, 0.9972, 0.9982, 0.9973, 0.9969, 0.9978, 0.9975, 0.9839, 0.9963, 0.9853, 0.9755, -0.8787, 0.9945]
m82  +++$+++  [-0.9943, 0.9923, 0.9842, 0.9157, 0.9812, 0.9364, 0.9959, 0.9725, -0.8532, -0.4868, 0.9941, 0.9725, -0.8492, -0.9697, -0.9983, -0.9959]
m313  +++$+++  [0.7905, 0.9914, 0.9351, 0.9876, -0.7643, 0.9918, 0.3719, 0.9914, 0.9183, 0.9962, 0.9904, 0.9974, 0.9743, 0.7736, -0.6511, 0.9785]
m269  +++$+++  [-0.9354, 0.9943, -0.9874, 0.9855, -0.9931, -0.9945, -0.992, 0.9944, -0.993, 0.7458, -0.989, 0.9284, 0.8649, -0.9903, -0.9806, -0.9917]
m598  +++$+++  [-0.9341, -0.6486, -0.9953, 0.486, 0.9956, -0.6723, 0.9816, -0.9812, -0.9778, 0.7321, 0.9971, -0.9377, 0.9912, -0.9722, -0.9932, -0.4136]
m584  +++$+++  [0.9702, 0.8626, 0.9266, 0.9418, 0.8588, -0.7149, 0.8116, 0.8631, 0.9905, 0.9876, -0.9385, 0.7351, 0.9694, -0.7691, 0.9407, 0.9735]
m211  +++$+++  [0.9663, 0.9177, -0.38, 0.9928, -0.974, 0.9867, 0.7108, 0.9877, -0.9684, -0.8383, 0.9882, 0.8968, 0.9881, 0.9935, 0.9557, -0.9153]
m368  +++$+++  [-0.9945, -0.9691, 0.9943, -0.9885, -0.9748, 0.9869, -0.9963, -0.9827, -0.9974, -0.9975, 0.9823, 0.9846, -0.9129, -0.9693, 0.9713, 0.8547]
m59  +++$+++  [0.9916, 0.9499, 0.9981, 0.9004, 0.991, 0.9053, -0.946, 0.9937, 0.9934, -0.9449, 0.8668, 0.9829, 0.9591, -0.8991, 0.9908, 0.9898]
m467  +++$+++  [0.9988, -0.9353, 0.6924, -0.4547, 0.9452, 0.9688, 0.9369, 0.9718, 0.9426, -0.9929, 0.9885, 0.8716, 0.9957, 0.5669, 0.9108, -0.9863]
m267  +++$+++  [0.9849, 0.9888, 0.9894, 0.9952, 0.9835, 0.9849, 0.9384, 0.9807, 0.9989, -0.6127, 0.995, 0.9954, 0.9915, 0.9866, 0.9965, 0.9966]
m245  +++$+++  [0.9568, 0.9117, 0.968, -0.9121, 0.9122, 0.9444, -0.8721, 0.8937, 0.9912, 0.9679, -0.5139, -0.9472, -0.8062, 0.925, -0.9619, -0.5806]
m152  +++$+++  [0.9966, -0.9844, -0.9943, -0.9694, -0.9568, 0.9761, 0.9924, 0.9907, -0.9563, 0.9759, 0.9964, 0.8366, -0.8744, -0.9846, -0.6709, -0.9344]
m538  +++$+++  [0.9375, 0.91, 0.4471, 0.9479, 0.9792, 0.7565, 0.4644, 0.881, -0.9641, -0.9055, 0.8837, 0.9649, 0.7527, 0.9726, -0.9718, -0.9625]
m276  +++$+++  [0.5197, -0.9466, 0.9571, 0.9965, 0.9848, 0.9981, 0.9854, 0.9913, 0.9944, 0.9931, -0.9414, -0.9602, -0.9768, 0.9917, 0.9956, 0.9637]
m370  +++$+++  [0.9966, -0.623, 0.9892, 0.9918, 0.9888, 0.9801, 0.9873, -0.9667, 0.9923, 0.9894, 0.9906, 0.9046, 0.9915, -0.8353, 0.9775, 0.9393]
m294  +++$+++  [-0.9713, -0.8252, -0.8088, -0.9215, 0.9787, 0.6007, 0.9431, -0.88, 0.6653, 0.4016, -0.988, -0.8981, 0.8561, 0.4836, -0.9759, -0.9851]
m502  +++$+++  [-0.8488, 0.9805, -0.9923, 0.8604, 0.9118, -0.9775, 0.9498, -0.6407, -0.9311, -0.997, -0.4494, -0.8215, -0.9831, -0.86, -0.5118, 0.6756]
m236  +++$+++  [0.991, -0.9587, 0.9745, 0.7533, -0.9662, -0.9193, 0.9776, 0.7203, 0.9642, -0.9899, -0.5346, 0.9657, -0.8111, -0.9905, 0.9866, 0.6204]
m607  +++$+++  [0.968, 0.9609, 0.9743, 0.9011, 0.8427, 0.9938, 0.93, 0.973, 0.8226, -0.9091, 0.986, 0.9017, 0.9188, -0.919, 0.8172, 0.7474]
m610  +++$+++  [0.9793, -0.9538, -0.9533, -0.9895, 0.9109, 0.7263, 0.9826, -0.9702, 0.9567, 0.9924, 0.5661, -0.5912, 0.6427, 0.998, 0.9132, 0.8273]
m565  +++$+++  [0.9947, 0.9633, 0.9972, 0.9585, 0.9916, 0.988, -0.8667, -0.9034, 0.9441, 0.9972, 0.946, 0.991, 0.9725, -0.9912, -0.9831, 0.9949]
m417  +++$+++  [-0.7259, 0.9307, 0.939, -0.9778, -0.9705, 0.5266, -0.9415, -0.9876, 0.9199, 0.9802, 0.9281, 0.3939, 0.9617, 0.9843, 0.9894, -0.9609]
m463  +++$+++  [0.9909, 0.9657, -0.7277, 0.614, 0.8385, 0.9574, 0.7377, 0.9699, -0.831, 0.9932, 0.7475, -0.9581, 0.9943, 0.6892, -0.6013, -0.9792]
m462  +++$+++  [0.9915, 0.9955, 0.8429, 0.9937, 0.8474, 0.9812, -0.8673, 0.9582, 0.9849, 0.9973, 0.9893, -0.8821, 0.9886, -0.9625, 0.992, 0.9949]
m202  +++$+++  [0.7516, 0.9833, 0.991, 0.9491, 0.9866, 0.9656, -0.5904, -0.8805, 0.8487, -0.4345, 0.9957, -0.9969, 0.953, 0.996, 0.98, 0.9397]
m322  +++$+++  [0.9698, 0.9932, 0.9929, 0.989, 0.9957, 0.9949, 0.9534, 0.9973, 0.936, -0.9784, 0.9977, 0.9966, 0.9973, -0.6723, 0.9283, 0.9851]
m125  +++$+++  [-0.3185, 0.2978, 0.6578, -0.7461, 0.9463, 0.8272, 0.9934, 0.9491, -0.9603, -0.5704, -0.8075, 0.9289, 0.9696, -0.9619, 0.9625, -0.925]
m433  +++$+++  [-0.6887, -0.3863, -0.9766, 0.4087, -0.801, 0.9847, -0.9289, -0.5419, -0.8385, 0.8615, 0.9785, 0.9102, -0.976, -0.962, -0.8025, 0.7427]
m436  +++$+++  [-0.9046, 0.9162, 0.9125, -0.7858, 0.9341, 0.6918, 0.888, -0.5889, 0.865, -0.9876, -0.9879, 0.9009, -0.9481, -0.9437, -0.9902, -0.9635]
m304  +++$+++  [0.8876, 0.9532, 0.9949, -0.9418, 0.9931, 0.3475, 0.9729, 0.9776, 0.9773, 0.9506, -0.9318, 0.8505, 0.9303, 0.9832, -0.8972, 0.9947]
m534  +++$+++  [0.7176, 0.5401, -0.943, 0.9825, 0.9836, 0.9608, -0.9116, -0.9513, 0.9842, 0.9676, 0.9889, 0.8704, 0.8099, -0.9936, 0.9824, 0.9738]
m262  +++$+++  [-0.9867, 0.7223, 0.9802, 0.9721, -0.9079, 0.9651, -0.2975, 0.899, -0.5039, -0.8391, 0.7427, 0.9277, -0.7766, 0.7703, 0.9708, 0.7464]
m247  +++$+++  [0.4234, -0.938, 0.3254, 0.8466, -0.9911, -0.5781, 0.912, -0.2817, -0.8282, -0.942, -0.9775, -0.9851, -0.9908, -0.6435, -0.9791, 0.5346]
m248  +++$+++  [0.7824, -0.553, -0.8542, -0.6295, -0.9278, 0.8842, -0.947, -0.9542, -0.4479, -0.9523, -0.9923, -0.9748, 0.6498, -0.8114, 0.513, -0.9931]
m47  +++$+++  [0.4843, 0.2805, 0.3824, 0.7351, -0.4215, 0.8611, 0.7422, -0.9158, 0.7263, 0.8249, 0.5362, 0.9615, 0.7396, -0.963, -0.9778, 0.972]
m575  +++$+++  [0.9963, 0.9672, 0.7608, -0.9069, 0.9917, 0.9689, 0.955, 0.9953, 0.9644, -0.6294, 0.9858, 0.9889, 0.9534, 0.9551, 0.9629, 0.9967]
m280  +++$+++  [0.7608, -0.8885, 0.9208, -0.8945, 0.9753, 0.8775, -0.9908, -0.395, -0.8475, -0.8904, 0.9827, 0.5523, -0.9886, -0.9548, 0.9867, -0.8559]
m363  +++$+++  [0.6014, -0.3581, -0.9787, 0.3203, 0.9827, 0.9839, 0.3186, -0.9731, -0.7645, -0.973, 0.9879, -0.6652, 0.952, 0.9861, 0.8619, 0.7766]
m258  +++$+++  [0.9032, 0.9059, 0.8804, 0.9162, 0.6162, 0.9595, -0.9095, 0.9761, 0.9879, 0.9931, 0.9008, 0.9913, 0.9456, 0.3293, 0.6793, 0.947]
m140  +++$+++  [0.9977, 0.9853, 0.9915, 0.9901, 0.5358, 0.9936, 0.9968, 0.9792, 0.9974, 0.9909, 0.9955, 0.9852, 0.9979, 0.9728, 0.9962, 0.9978]
m230  +++$+++  [0.9953, 0.9818, 0.9821, -0.7633, -0.959, -0.5957, -0.9751, 0.98, -0.9532, -0.9664, -0.7394, 0.9937, -0.9678, 0.9907, -0.9414, 0.9817]
m164  +++$+++  [0.4211, 0.9596, 0.9609, 0.9846, -0.8866, 0.9936, -0.9894, 0.9351, -0.796, 0.9936, -0.9946, -0.9117, 0.6011, 0.9415, -0.9287, 0.9696]
m320  +++$+++  [-0.8524, 0.9827, -0.8412, -0.9937, -0.9961, -0.6813, 0.8789, 0.9677, 0.6628, 0.8453, -0.9691, 0.9792, -0.7669, -0.8649, 0.9906, 0.9878]
m74  +++$+++  [0.98, 0.9778, 0.9934, 0.5902, 0.8967, 0.974, 0.9806, 0.9863, -0.9858, 0.9756, 0.8649, 0.955, -0.6117, 0.9555, 0.993, 0.9924]
m22  +++$+++  [0.9709, 0.9937, 0.9898, 0.9519, -0.9245, 0.9066, 0.9982, 0.7672, 0.9957, -0.9256, 0.9291, -0.9939, -0.8715, -0.9884, 0.9563, 0.9875]
m89  +++$+++  [0.2825, 0.9755, 0.9758, -0.8131, 0.9811, -0.9809, 0.8799, -0.9008, 0.9591, -0.9495, 0.6369, -0.9578, -0.6182, 0.9901, -0.9745, -0.977]
m113  +++$+++  [-0.6099, 0.9554, 0.9668, 0.7064, 0.9622, 0.9628, -0.9931, 0.9868, 0.8367, 0.994, -0.9779, 0.8127, 0.9333, -0.9461, 0.8878, 0.4087]
m306  +++$+++  [-0.9956, 0.6662, 0.9688, -0.9756, -0.885, 0.9944, -0.9875, 0.5239, -0.975, 0.6031, -0.8011, 0.9782, -0.983, -0.9974, -0.9925, 0.9823]
m65  +++$+++  [-0.9727, -0.8954, -0.9167, 0.963, -0.9945, -0.9588, -0.9158, 0.9705, 0.8244, -0.9494, 0.9355, 0.4788, 0.8828, -0.5809, -0.9694, -0.9947]
m541  +++$+++  [0.9831, 0.9922, 0.589, 0.9868, 0.6085, 0.9742, -0.5156, 0.675, 0.9296, -0.9011, -0.989, 0.9943, 0.9417, 0.9776, 0.7568, 0.99]
m493  +++$+++  [0.9909, 0.9981, 0.9834, 0.899, -0.8006, -0.9484, 0.9853, 0.9986, 0.8989, 0.9916, 0.755, -0.9952, 0.9745, 0.9976, -0.9142, 0.9771]
m335  +++$+++  [0.8293, 0.9854, 0.9695, -0.9346, 0.8209, 0.9801, 0.6406, 0.989, 0.6352, 0.6035, -0.363, 0.846, -0.8411, 0.9008, -0.8673, 0.922]
m325  +++$+++  [-0.1096, 0.979, -0.9314, 0.9454, -0.8581, -0.9744, 0.5978, -0.9143, -0.8253, 0.7343, 0.8052, -0.9207, -0.9926, -0.4236, -0.8609, -0.985]
m253  +++$+++  [-0.7575, 0.9087, 0.9518, -0.9652, 0.6048, 0.9174, 0.7119, 0.7538, 0.9495, 0.9384, 0.8833, 0.9768, 0.7108, -0.3901, 0.9794, 0.7664]
m373  +++$+++  [-0.8598, -0.9863, 0.9969, 0.9941, 0.9142, 0.9696, 0.9809, -0.8701, 0.9757, 0.9855, 0.9792, 0.7804, 0.9928, 0.8055, 0.9643, 0.9957]
m362  +++$+++  [-0.8092, 0.9392, 0.9253, -0.5405, 0.4291, -0.884, 0.3975, 0.9623, -0.4777, 0.533, -0.686, -0.9367, -0.9377, -0.8917, 0.7862, 0.9555]
m522  +++$+++  [0.8373, -0.5651, -0.9719, -0.7479, 0.9916, 0.997, 0.8239, 0.8449, 0.9983, 0.9925, 0.9917, 0.947, 0.9986, 0.4353, 0.9971, -0.874]
m251  +++$+++  [-0.8043, 0.9866, 0.9946, 0.9668, 0.4938, -0.9443, 0.9767, 0.9919, 0.7523, 0.9964, 0.9894, 0.9691, 0.9788, 0.9401, 0.9833, 0.997]
m184  +++$+++  [-0.1004, -0.6209, -0.295, 0.3711, 0.9335, 0.9034, -0.8668, -0.914, 0.7147, 0.3532, 0.6848, 0.943, 0.4078, 0.5472, -0.9757, -0.7374]
m196  +++$+++  [0.6866, -0.9615, -0.2974, 0.4592, -0.9551, 0.9821, -0.264, 0.7044, 0.6301, 0.9684, -0.6843, 0.8928, 0.9298, -0.8948, -0.7665, -0.7997]
m214  +++$+++  [0.4299, 0.922, 0.985, 0.9941, 0.3601, 0.9882, 0.9569, 0.9454, 0.9335, 0.9929, 0.9426, 0.9759, 0.9942, 0.9884, -0.7524, 0.9816]
m404  +++$+++  [0.8491, -0.9715, 0.9469, 0.9781, -0.9598, -0.7301, 0.9837, 0.9772, -0.9823, 0.9239, 0.9771, 0.9382, 0.9801, 0.9187, 0.7085, -0.5845]
m568  +++$+++  [0.9418, 0.8597, -0.974, 0.9454, -0.924, -0.834, 0.964, 0.8725, -0.8843, -0.3079, 0.9871, -0.8352, 0.7793, 0.9282, -0.9522, -0.6277]
m26  +++$+++  [-0.9624, -0.8277, -0.989, 0.7948, -0.9827, 0.8885, -0.7423, -0.8348, -0.9341, 0.9829, -0.9213, 0.7937, -0.9774, 0.8757, -0.9843, 0.7068]
m587  +++$+++  [0.7259, 0.9757, -0.9803, -0.9492, 0.9497, -0.9663, 0.9429, -0.9204, 0.6752, 0.7615, -0.9887, 0.6734, 0.8814, -0.9426, 0.9744, 0.9837]
m147  +++$+++  [-0.9348, 0.755, -0.7795, 0.778, 0.9614, 0.9831, -0.906, -0.9007, -0.5245, 0.9696, 0.9275, 0.9704, 0.4974, -0.8322, 0.9481, -0.946]
m387  +++$+++  [0.9824, 0.9577, 0.9832, 0.7398, 0.9873, -0.4382, -0.7757, 0.9328, 0.9784, 0.9881, 0.8238, 0.9131, -0.6788, 0.9476, 0.8179, 0.8583]
m282  +++$+++  [0.9218, 0.8311, 0.9849, 0.8288, -0.9755, 0.4891, 0.8183, 0.9834, -0.9936, -0.8883, 0.9265, 0.995, -0.5891, -0.9741, -0.9483, -0.954]
m359  +++$+++  [0.8677, -0.776, -0.5165, -0.7987, 0.4871, 0.782, -0.7177, -0.8246, 0.2564, 0.594, -0.3252, -0.3542, -0.8941, -0.6999, 0.8891, 0.4442]
m393  +++$+++  [0.9385, 0.946, 0.9003, -0.8964, 0.984, 0.9586, 0.9514, 0.9804, 0.9872, -0.6335, 0.9868, 0.9863, 0.8194, -0.8589, -0.9632, 0.7882]
m79  +++$+++  [0.9862, 0.9231, 0.9799, 0.8943, 0.5883, 0.9823, 0.9847, 0.9391, -0.9614, 0.9874, 0.9871, 0.9674, 0.9674, 0.9353, 0.9166, -0.5611]
m511  +++$+++  [0.9914, 0.9951, 0.9983, 0.9937, 0.9901, -0.9556, 0.9752, 0.9936, 0.9967, 0.9889, 0.9941, 0.9964, 0.9916, -0.9944, 0.9098, 0.991]
m274  +++$+++  [0.6893, 0.9575, 0.2406, 0.8864, 0.4561, 0.3645, -0.9506, 0.5923, -0.925, 0.5362, -0.8906, 0.8934, 0.8912, -0.8579, -0.8847, 0.8699]
m155  +++$+++  [0.5124, -0.9137, 0.9309, -0.9573, -0.6131, 0.6084, -0.9077, 0.4681, -0.9626, -0.8899, -0.8158, 0.9211, -0.773, 0.8667, -0.9409, -0.9828]
m219  +++$+++  [0.8986, -0.7476, -0.7337, -0.4913, 0.9894, -0.5252, -0.7812, -0.9707, -0.9864, -0.851, 0.9537, 0.67, -0.983, 0.9579, 0.7094, -0.9018]
m474  +++$+++  [-0.9892, -0.9781, -0.9933, 0.7426, -0.9771, -0.9954, -0.9839, -0.3506, -0.9904, -0.9797, -0.9944, -0.9928, -0.8694, -0.8944, 0.484, -0.9475]
m195  +++$+++  [-0.83, 0.9875, 0.5269, 0.8978, -0.9095, 0.5939, 0.6891, 0.9884, 0.9741, -0.9523, -0.6379, 0.9175, 0.9768, -0.8821, -0.9438, 0.647]
m168  +++$+++  [0.9653, -0.8785, 0.8526, 0.9269, 0.9751, 0.9177, 0.5053, 0.9943, -0.8507, -0.9179, -0.936, 0.5477, -0.9379, 0.5535, 0.988, 0.9772]
m382  +++$+++  [0.938, 0.9765, 0.8238, 0.9884, -0.8167, 0.9762, -0.8397, -0.7219, 0.9942, -0.9721, 0.9887, 0.6557, -0.9329, 0.742, 0.9089, 0.571]
m371  +++$+++  [-0.8201, -0.9373, -0.8829, 0.6199, 0.5017, -0.9627, -0.962, -0.9545, 0.979, 0.8984, 0.9943, 0.8474, 0.7458, -0.9941, 0.4898, -0.5192]
m158  +++$+++  [0.9702, 0.9609, 0.9873, 0.7019, -0.8764, -0.9411, -0.663, 0.962, 0.9277, -0.977, -0.966, -0.9659, -0.8386, 0.8887, -0.7635, -0.9786]
m254  +++$+++  [0.8815, 0.8955, 0.9867, 0.7077, 0.9472, -0.781, 0.8276, 0.8466, 0.4585, -0.6268, 0.9764, 0.4866, 0.7141, 0.8963, 0.8856, 0.9837]
m434  +++$+++  [0.9885, 0.97, 0.7773, 0.7864, -0.6728, -0.5547, 0.8277, 0.9952, 0.9789, -0.9501, 0.9896, 0.9369, 0.8764, 0.9905, -0.8365, 0.9638]
m608  +++$+++  [0.9592, 0.8359, 0.5466, -0.8589, 0.9626, 0.7479, 0.7383, -0.8768, 0.9884, -0.9291, 0.9294, -0.587, -0.5031, -0.6535, -0.9372, 0.6379]
m101  +++$+++  [0.9933, 0.9903, 0.6506, 0.6573, 0.6798, 0.9657, -0.894, -0.9393, 0.9784, 0.8973, 0.7843, -0.9921, -0.5594, -0.8722, -0.8239, -0.9801]
m287  +++$+++  [0.9386, 0.9967, 0.893, 0.436, 0.9436, 0.9815, 0.995, -0.9637, 0.9733, 0.8824, 0.9692, 0.974, 0.9235, 0.9709, 0.9727, -0.9799]
m419  +++$+++  [0.991, 0.9696, 0.9523, 0.9584, 0.9201, 0.9655, -0.7733, 0.9569, -0.91, -0.4796, 0.9858, -0.8372, -0.9369, -0.9725, 0.9854, 0.9914]
m290  +++$+++  [-0.8544, 0.9788, -0.7017, 0.7533, 0.9375, 0.9479, -0.9446, 0.8111, -0.9896, 0.9878, 0.9889, 0.9892, -0.9798, -0.9614, 0.9764, 0.9168]
m182  +++$+++  [0.8844, 0.8685, -0.8387, 0.7695, -0.8205, 0.9506, -0.8683, 0.9519, 0.5632, 0.9602, -0.9562, 0.8938, 0.9296, -0.7013, -0.9378, -0.8763]
m384  +++$+++  [0.7049, 0.9507, 0.9534, 0.9519, 0.6378, 0.9365, 0.9117, -0.9295, -0.7291, 0.9094, -0.956, -0.8244, -0.8004, -0.899, -0.3987, 0.884]
m614  +++$+++  [-0.9195, -0.7319, -0.8908, 0.9685, 0.32, 0.8977, 0.8091, -0.4137, -0.6966, -0.6571, -0.892, 0.5588, 0.6966, 0.8949, 0.5938, -0.2869]
m602  +++$+++  [0.0, 0.0, 0.0, -0.5719, 0.0, 0.0, -0.5423, 0.4215, -0.3595, 0.0, 0.0, 0.0, 0.0, 0.0, 0.4019, 0.0, -0.4939, 0.0, 0.4019, 0.0]
m317  +++$+++  [-0.9864, -0.9828, -0.9507, 0.6513, -0.9734, -0.9706, 0.4297, 0.9438, -0.9676, -0.9538, -0.6298, 0.7627, 0.9673, -0.8957, 0.8215, 0.9218]
m42  +++$+++  [0.978, 0.9897, 0.9983, 0.9979, 0.9447, 0.9067, 0.9974, -0.9646, 0.9884, 0.9849, 0.9981, 0.9891, -0.7812, 0.9932, 0.9941, 0.9962]
m431  +++$+++  [-0.9461, -0.5478, -0.9454, 0.8588, 0.9928, 0.9619, 0.6304, 0.8198, -0.9829, -0.9917, 0.9911, -0.6935, 0.9887, 0.9678, -0.9237, 0.9101]
m552  +++$+++  [-0.9162, -0.5371, -0.9783, 0.9649, 0.9889, 0.9868, -0.706, 0.9901, 0.9501, -0.5461, 0.9455, 0.9331, 0.9463, -0.9131, 0.9656, -0.9773]
m177  +++$+++  [0.9895, 0.9501, 0.947, 0.9357, 0.7415, 0.8381, 0.9397, 0.9823, 0.9852, 0.9369, 0.8261, -0.6756, 0.8623, 0.9389, 0.7073, -0.75]
m257  +++$+++  [-0.9489, 0.8628, 0.8947, -0.9903, -0.9795, -0.9777, -0.708, -0.9895, 0.9826, 0.9788, -0.9967, -0.4464, -0.7791, -0.9297, -0.9686, -0.99]
m160  +++$+++  [0.7931, -0.7963, -0.8761, 0.9407, 0.9785, 0.825, 0.6914, 0.8969, 0.7864, -0.54, 0.993, 0.9482, 0.8458, 0.9928, 0.9817, -0.9384]
m312  +++$+++  [0.9963, 0.9944, 0.8865, -0.9961, 0.947, 0.9886, 0.9957, 0.9909, 0.5714, 0.9928, -0.95, 0.9827, 0.632, 0.8919, 0.998, -0.9649]
m605  +++$+++  [0.9837, 0.9264, 0.9856, 0.9905, 0.9867, 0.9793, 0.9906, 0.9983, 0.9927, 0.8609, 0.9856, 0.9944, 0.967, 0.9974, 0.3996, 0.9956]
m131  +++$+++  [0.8907, 0.9964, 0.988, 0.9748, -0.7942, 0.8629, -0.9715, 0.9822, 0.9008, 0.9821, -0.9091, 0.9736, 0.981, 0.9606, -0.9935, 0.9281]
m456  +++$+++  [-0.9149, -0.5837, 0.0, -0.3818, -0.856, 0.3716, 0.4926, -0.7527, 0.0, 0.3125, 0.0, -0.5574, -0.8442, -0.6908, 0.4404, 0.6784]
m137  +++$+++  [0.9472, 0.9849, -0.7892, 0.9848, -0.9776, -0.8755, 0.9735, -0.9159, -0.995, 0.8764, 0.888, 0.9608, 0.939, 0.9814, -0.7878, 0.8795]
m153  +++$+++  [-0.9372, -0.899, 0.8171, 0.5276, -0.6439, 0.9391, 0.6814, 0.9559, 0.8721, 0.5499, -0.8242, 0.8641, -0.9577, 0.4596, 0.9905, 0.8927]
m141  +++$+++  [0.981, 0.9894, -0.9593, 0.9326, 0.92, -0.8359, 0.9924, 0.9742, 0.9033, 0.9985, 0.9492, 0.9026, -0.8143, 0.8413, 0.9888, 0.978]
m218  +++$+++  [0.7804, 0.7394, -0.3794, 0.5386, -0.9641, -0.9245, 0.5214, -0.6921, -0.9347, -0.3413, -0.4125, -0.4106, 0.9856, -0.3313, -0.8017, 0.9466]
m194  +++$+++  [0.9751, 0.997, -0.9028, -0.9544, 0.9278, 0.9944, -0.8337, 0.9885, -0.9212, 0.9892, 0.9831, 0.8633, 0.9866, 0.8153, 0.9896, 0.9533]
m613  +++$+++  [-0.9103, -0.9425, 0.9395, 0.6797, -0.7911, -0.7231, -0.8759, 0.839, 0.9699, -0.9624, 0.8752, -0.8075, -0.9637, -0.7161, -0.9228, 0.9396]
m144  +++$+++  [0.9955, 0.993, 0.9986, 0.9972, 0.9914, 0.9898, 0.9642, 0.9984, 0.9919, 0.9994, 0.9949, -0.9428, -0.6515, 0.9852, 0.92, 0.9076]
m171  +++$+++  [0.9871, -0.678, 0.6728, 0.9799, 0.9507, 0.952, -0.8812, 0.9846, -0.6608, 0.8283, 0.9944, 0.9806, 0.8002, 0.8355, 0.9703, 0.9898]
m445  +++$+++  [0.868, 0.9394, 0.9537, -0.9853, -0.4986, 0.9254, 0.9783, 0.9344, -0.9731, 0.5192, 0.9894, 0.9829, 0.9705, -0.8971, 0.9491, -0.6372]
m88  +++$+++  [-0.8978, -0.8821, 0.9901, -0.8676, 0.9946, 0.9752, 0.9958, -0.888, -0.9672, 0.5229, -0.9887, -0.9904, 0.9987, 0.9822, 0.8574, 0.9981]
m297  +++$+++  [-0.8317, 0.9819, 0.9299, -0.927, 0.9635, -0.7797, 0.9269, 0.9717, -0.78, -0.6014, 0.9691, -0.7984, 0.7311, -0.8894, 0.7575, -0.9396]
m63  +++$+++  [0.2491, 0.951, 0.9901, 0.9866, 0.9639, 0.9879, 0.627, -0.985, -0.9688, 0.8826, -0.9532, -0.9846, 0.9715, 0.8988, 0.9778, 0.7231]
m169  +++$+++  [-0.6553, -0.9853, 0.8502, 0.9645, -0.9505, 0.9855, 0.9753, 0.8061, 0.6723, -0.8913, 0.9865, -0.9323, -0.9677, -0.4381, 0.9786, -0.9355]
m181  +++$+++  [0.4973, -0.8744, 0.8949, 0.8909, 0.991, 0.9627, 0.7849, 0.9766, 0.995, 0.9786, 0.9749, 0.9931, 0.9944, 0.9427, -0.975, 0.9784]
m338  +++$+++  [-0.3415, 0.7089, 0.6553, 0.7383, -0.6908, -0.6369, -0.296, -0.8253, 0.6499, -0.897, 0.0772, 0.5267, 0.0, -0.6908, 0.2869, 0.5719]
m334  +++$+++  [0.9833, 0.9885, 0.9491, 0.6356, 0.9968, 0.9945, 0.9379, 0.9363, 0.9899, 0.9925, 0.8544, 0.9839, 0.9882, -0.9925, -0.9822, -0.948]
m573  +++$+++  [0.9962, 0.837, 0.9942, 0.9932, 0.9809, 0.9693, 0.9602, 0.6217, 0.9845, 0.9839, 0.9713, 0.9611, 0.9858, 0.9699, 0.9711, 0.9921]
m557  +++$+++  [-0.9549, 0.9398, 0.9257, 0.4993, -0.7022, -0.7445, 0.6508, -0.7842, 0.8963, 0.9196, 0.742, -0.5262, 0.5766, -0.7996, 0.9054, 0.9489]
m186  +++$+++  [0.9136, -0.9307, -0.9651, -0.8721, 0.8882, -0.9769, -0.9785, -0.9373, 0.9458, -0.8542, -0.529, -0.7341, 0.8319, -0.9948, -0.946, -0.9422]
m329  +++$+++  [-0.9863, -0.9894, 0.9977, 0.9912, 0.7822, 0.9208, 0.9704, 0.9956, 0.9676, -0.7333, 0.9883, 0.961, 0.9983, 0.8412, 0.975, 0.9755]
m14  +++$+++  [0.5364, 0.938, 0.9749, 0.7285, 0.9668, -0.8689, -0.9758, 0.4857, 0.9419, -0.8918, 0.9734, 0.9449, -0.9001, 0.9592, 0.9639, -0.9881]
m549  +++$+++  [0.9103, 0.9023, -0.9105, -0.7322, 0.9193, 0.249, -0.944, -0.9344, -0.7942, 0.7757, -0.4541, 0.8302, -0.755, 0.9477, 0.4606, 0.5571]
m289  +++$+++  [0.9964, 0.9981, 0.9991, 0.9985, -0.9874, 0.96, 0.986, 0.9937, -0.985, -0.9828, 0.9554, -0.9974, -0.7881, 0.9953, -0.99, -0.9979]
m475  +++$+++  [0.9962, 0.9958, 0.994, 0.9882, 0.8343, -0.9226, 0.8895, 0.3486, -0.9973, 0.9135, -0.9865, -0.9062, -0.9694, 0.9014, 0.3562, -0.9915]
m597  +++$+++  [-0.988, -0.8542, -0.9823, -0.8805, 0.9317, 0.3094, -0.9857, -0.9817, 0.6489, -0.9343, -0.3326, -0.7354, -0.9969, 0.8199, 0.9397, -0.9861]
m83  +++$+++  [0.9926, 0.9556, 0.995, -0.9477, 0.8961, 0.945, 0.9622, -0.9645, 0.9247, 0.9469, -0.8091, -0.968, 0.9866, -0.7938, -0.5121, 0.7722]
m124  +++$+++  [0.9778, 0.985, -0.6289, 0.9961, 0.9363, 0.9906, 0.9946, 0.9968, -0.7667, 0.9962, 0.9744, 0.9978, 0.9856, 0.5452, 0.7505, -0.9938]
m588  +++$+++  [-0.996, 0.9982, 0.9939, -0.9865, 0.8344, -0.9402, -0.9949, -0.9785, -0.9717, -0.9533, -0.9978, 0.9699, -0.9982, 0.9868, -0.9969, -0.9988]
m208  +++$+++  [0.9852, 0.9964, 0.9955, 0.9897, 0.9901, 0.9844, 0.9862, -0.8394, 0.9937, 0.9654, -0.9609, 0.987, -0.5191, -0.9928, 0.785, 0.6133]
m224  +++$+++  [0.8346, -0.7251, -0.6862, 0.9657, -0.9092, -0.8877, 0.8907, 0.9947, -0.9758, 0.5081, 0.9833, 0.9013, -0.9287, 0.9524, -0.9822, -0.9859]
m458  +++$+++  [0.9797, 0.8427, 0.9798, 0.9531, 0.9922, 0.9877, 0.9839, 0.798, 0.9897, -0.8177, 0.9869, 0.9432, 0.9793, 0.9937, 0.9108, 0.9872]
m364  +++$+++  [0.3404, 0.9836, 0.928, -0.5043, 0.9711, 0.9033, -0.8966, -0.1053, -0.9484, 0.8892, 0.9532, 0.7587, -0.7775, -0.9897, -0.9266, -0.9573]
m39  +++$+++  [-0.8821, 0.946, -0.9713, -0.979, -0.9618, 0.3091, -0.9883, -0.7159, -0.9592, -0.8062, -0.8995, -0.7936, -0.9425, 0.8729, 0.9463, -0.9282]
m116  +++$+++  [0.8165, 0.7066, -0.8931, 0.7647, 0.9907, -0.7241, 0.9559, -0.5149, 0.9798, 0.96, 0.9739, -0.4103, 0.9394, 0.9714, 0.9162, 0.9637]
m356  +++$+++  [-0.9775, -0.8593, 0.979, 0.9722, 0.9825, 0.7353, 0.967, 0.8029, -0.9008, -0.9839, 0.8892, -0.9941, -0.6991, 0.9835, -0.9414, 0.9816]
m454  +++$+++  [0.6312, 0.7344, -0.9288, -0.9723, 0.8683, 0.7712, -0.9062, -0.9769, 0.9695, 0.4512, 0.7927, -0.7332, 0.9714, -0.9489, 0.9534, 0.6582]
m423  +++$+++  [-0.9727, 0.8539, -0.9506, -0.6561, -0.889, -0.9818, 0.9027, 0.9143, 0.9885, 0.9698, -0.9526, -0.3294, 0.9766, 0.9569, 0.9703, 0.9265]
m586  +++$+++  [-0.9996, 0.9983, -0.8829, 0.9586, 0.9962, 0.9961, 0.998, 0.9892, -0.9394, -0.9868, 0.8931, 0.9795, 0.5055, -0.9514, -0.9917, 0.9026]
m48  +++$+++  [0.9557, 0.2565, 0.9716, 0.4927, -0.9675, -0.8387, 0.9781, 0.8478, 0.9567, -0.6366, 0.987, -0.7875, 0.9753, 0.9582, 0.9486, -0.6709]
m302  +++$+++  [-0.9641, 0.9815, -0.9741, 0.9008, -0.9392, -0.9846, -0.9913, 0.9766, 0.9553, -0.7527, -0.9773, -0.4724, -0.9667, 0.8314, -0.9786, -0.9831]
m545  +++$+++  [0.9116, 0.9536, 0.984, 0.546, -0.9347, 0.9864, 0.9557, -0.9748, 0.906, 0.987, 0.9696, -0.4626, -0.8572, 0.9703, 0.9503, 0.9845]
m352  +++$+++  [0.9929, -0.9907, 0.9556, 0.7907, -0.9447, 0.9193, 0.7877, -0.9893, 0.7966, 0.9928, 0.9948, 0.9923, 0.9946, 0.9749, 0.9907, 0.9047]
m375  +++$+++  [0.9769, 0.6059, -0.8144, -0.7654, -0.9711, 0.9799, -0.264, 0.9865, 0.9284, 0.9389, -0.942, 0.7672, 0.9159, 0.9456, -0.342, 0.9412]
m331  +++$+++  [0.9849, 0.9872, -0.8248, 0.9929, 0.9723, 0.9551, 0.9786, 0.9748, 0.716, -0.5, 0.9939, 0.983, 0.8074, 0.9711, 0.9948, 0.9887]
m367  +++$+++  [0.9798, -0.9185, 0.8609, 0.9323, 0.471, 0.9063, 0.9731, 0.7192, -0.954, -0.9111, 0.9001, -0.9935, 0.824, -0.2876, 0.9197, 0.5136]
m520  +++$+++  [-0.8665, -0.9822, -0.351, 0.8385, -0.2919, 0.9469, 0.8253, -0.9597, -0.9129, -0.4624, -0.7271, 0.9279, -0.9752, 0.9557, 0.94, 0.9617]
m397  +++$+++  [0.9878, 0.9354, 0.7914, 0.9298, 0.964, -0.7368, 0.9349, 0.8591, 0.9349, 0.897, -0.4632, 0.9244, 0.9707, 0.9967, 0.4311, 0.991]
m351  +++$+++  [-0.6967, 0.9631, -0.8402, -0.7685, -0.8017, 0.6966, -0.5338, 0.9439, -0.8013, -0.8595, 0.7177, -0.9574, -0.1179, -0.8407, -0.6261, -0.7607]
m378  +++$+++  [0.977, 0.9733, 0.9725, -0.9612, 0.4657, -0.4932, 0.9773, 0.9342, -0.9535, 0.7525, -0.9389, -0.9819, -0.4342, 0.8631, -0.9272, -0.8433]
m285  +++$+++  [0.9281, 0.9776, -0.929, 0.9774, 0.9971, 0.992, 0.9926, 0.9972, 0.9733, 0.8592, 0.996, 0.9763, 0.9972, 0.8857, -0.9184, 0.9975]
m25  +++$+++  [-0.9864, 0.9914, -0.9738, 0.7674, 0.9937, 0.5138, 0.9617, -0.9704, -0.9829, -0.9877, -0.9779, -0.9437, -0.3902, 0.9906, -0.9845, -0.9925]
m430  +++$+++  [-0.6189, -0.8965, 0.607, -0.9545, -0.9555, 0.9375, -0.9654, -0.1007, -0.9873, 0.9068, 0.9477, -0.9697, -0.8828, -0.8967, -0.9775, -0.8738]
m516  +++$+++  [0.9964, 0.8169, -0.5017, 0.9793, 0.9925, 0.799, 0.6771, 0.9552, -0.8394, 0.9924, 0.9971, 0.9871, 0.9482, 0.9226, 0.8429, 0.9746]
m266  +++$+++  [0.9773, 0.9938, 0.9963, 0.9981, 0.9971, 0.9803, 0.9989, 0.9993, 0.9985, 0.9975, 0.9983, 0.9991, 0.9982, 0.9932, 0.9964, 0.999]
m231  +++$+++  [0.9911, -0.6463, -0.9249, 0.9248, -0.962, 0.9905, -0.9604, 0.986, -0.9827, 0.9489, 0.8045, -0.9871, 0.7923, 0.8664, 0.9958, 0.4313]
m555  +++$+++  [0.9901, 0.856, 0.9675, 0.855, 0.6764, 0.8301, 0.9535, 0.8906, -0.9247, -0.719, 0.4515, 0.9246, 0.9892, 0.2263, 0.8686, 0.9681]
m559  +++$+++  [0.8738, 0.7659, 0.9353, 0.9569, 0.6197, -0.0772, -0.9014, -0.4019, -0.3849, -0.7599, 0.212, 0.0258, -0.875, 0.6318, -0.8221, 0.7925]
m126  +++$+++  [-0.8321, 0.9973, -0.5192, 0.9269, -0.3686, -0.9574, -0.9902, 0.5439, 0.9891, -0.9727, 0.8399, -0.9648, -0.9837, -0.9951, 0.9747, -0.9866]
m494  +++$+++  [0.9423, 0.886, -0.449, -0.8904, -0.9413, -0.9522, -0.9912, 0.967, 0.5831, 0.9956, 0.7205, -0.6552, 0.7666, 0.8638, -0.9889, -0.9879]
m444  +++$+++  [0.9808, -0.7353, 0.9735, 0.8455, -0.9782, -0.9897, 0.9897, -0.879, 0.9883, 0.9867, 0.9758, 0.9859, -0.9507, 0.9705, 0.9854, 0.6493]
m500  +++$+++  [-0.7289, 0.7393, -0.8196, -0.625, -0.8545, -0.6801, 0.9147, 0.2509, 0.995, -0.5279, -0.8363, -0.9874, 0.7276, -0.4738, 0.983, -0.9737]
m270  +++$+++  [0.0, 0.0, -0.6705, 0.0, 0.4404, -0.1027, 0.0, 0.0, 0.3182, 0.5106, 0.2247, 0.0, -0.3818, 0.0, 0.0, 0.0, 0.0]
m479  +++$+++  [0.9788, 0.9833, 0.9958, 0.9688, 0.9692, 0.9957, 0.9631, -0.9663, 0.9578, 0.9921, -0.9748, 0.9488, 0.7542, 0.9948, -0.9769, 0.9876]
m92  +++$+++  [0.9565, -0.9936, 0.879, -0.5837, 0.7683, -0.933, 0.9765, -0.95, 0.7765, 0.9965, -0.9657, -0.9911, -0.9911, -0.3481, 0.9828, 0.9888]
m71  +++$+++  [-0.6822, 0.7903, 0.7407, 0.9176, 0.312, -0.8786, -0.8085, 0.9942, -0.9741, -0.9836, -0.7166, 0.9556, -0.9569, -0.9886, -0.8752, -0.9827]
m240  +++$+++  [-0.9598, 0.983, 0.9925, 0.9563, 0.9906, 0.9906, 0.994, 0.9942, -0.9389, 0.9693, 0.9608, 0.9283, 0.9394, 0.5986, 0.9987, 0.9912]
m66  +++$+++  [0.3511, 0.8658, 0.841, -0.7905, 0.509, 0.9553, 0.9747, 0.7805, -0.6621, -0.9802, 0.8514, -0.954, -0.8697, 0.8874, 0.9559, 0.8156]
m337  +++$+++  [-0.8039, 0.8941, 0.8467, 0.9933, 0.9258, 0.991, 0.9979, 0.9285, -0.841, 0.9913, 0.9641, 0.8609, 0.9151, 0.9595, -0.977, 0.9956]
m5  +++$+++  [0.9548, 0.8749, -0.9712, 0.9043, 0.998, -0.4864, 0.9902, 0.8665, 0.9936, 0.9867, 0.986, 0.966, 0.9899, 0.9596, 0.9779, 0.9842]
m427  +++$+++  [0.9905, 0.9431, 0.994, 0.8806, 0.9561, -0.78, 0.9186, 0.9065, 0.9049, 0.8428, -0.3757, 0.9401, 0.988, 0.9477, 0.9962, 0.3354]
m441  +++$+++  [0.9638, 0.9684, 0.9109, 0.8662, 0.9812, 0.8524, 0.9878, 0.9854, 0.9938, -0.8469, 0.9851, 0.9934, 0.9893, 0.9374, 0.993, 0.9962]
m119  +++$+++  [-0.9084, 0.8627, 0.9953, 0.5431, -0.8647, -0.9934, 0.8631, -0.8428, 0.4804, 0.9852, -0.5917, 0.9873, 0.9825, -0.9899, 0.8977, 0.9938]
m484  +++$+++  [0.3164, -0.5892, 0.5638, 0.6705, 0.4939, 0.7332, 0.555, -0.4939, 0.0, -0.6369, 0.5413, 0.0, 0.0, 0.0, 0.0, -0.7736]
m443  +++$+++  [0.9633, 0.9239, -0.9855, -0.8299, -0.9687, -0.6346, 0.9786, 0.9822, 0.5002, -0.9102, -0.7755, -0.8606, 0.8913, -0.6544, 0.8052, 0.9345]
m129  +++$+++  [-0.4775, -0.8533, 0.9907, 0.9759, 0.9701, 0.7548, 0.9326, -0.9543, -0.987, -0.9628, -0.8082, -0.8763, 0.9334, -0.8943, 0.8553, 0.6671]
m571  +++$+++  [-0.825, 0.9844, 0.9517, 0.4153, 0.8824, -0.9147, -0.867, -0.9454, 0.8343, -0.9742, 0.9158, 0.9203, 0.9252, -0.8725, 0.7487, -0.5644]
m24  +++$+++  [0.943, 0.9803, 0.5874, 0.986, 0.9949, 0.8949, 0.9886, 0.9891, 0.8748, -0.835, 0.9939, 0.5142, 0.9924, 0.9758, -0.8732, 0.9425]
m576  +++$+++  [0.9664, -0.9781, 0.9848, 0.8998, 0.8679, 0.9841, 0.9839, 0.99, 0.9098, 0.9858, 0.901, -0.9917, -0.9641, 0.9742, -0.9484, 0.7437]
m390  +++$+++  [0.9642, 0.3915, 0.9263, 0.8624, 0.8283, -0.9811, 0.6194, 0.8549, -0.8793, 0.9861, 0.9807, 0.945, -0.8407, 0.7715, -0.9542, 0.7281]
m18  +++$+++  [0.8399, 0.9957, 0.9189, 0.9682, 0.9898, 0.9967, 0.9122, 0.9886, -0.983, -0.7253, -0.6632, 0.7643, 0.9959, 0.9171, 0.9774, 0.989]
m6  +++$+++  [0.9964, -0.9236, 0.5862, 0.9886, 0.5182, 0.9214, 0.9829, -0.9632, 0.8977, -0.9947, 0.9932, 0.9965, -0.9355, -0.99, 0.7359, -0.9832]
m238  +++$+++  [0.998, 0.9975, 0.9942, 0.9993, 0.9912, 0.995, 0.9985, 0.9969, -0.9653, 0.9628, 0.9982, 0.9399, 0.9987, 0.9955, 0.9985, 0.9905]
m468  +++$+++  [0.7576, 0.5108, -0.8541, 0.789, -0.8672, 0.64, 0.9637, 0.983, -0.8065, -0.8742, 0.9148, -0.9096, -0.9861, 0.7998, -0.6545, 0.9237]
m239  +++$+++  [0.9653, 0.9933, 0.4024, 0.9856, 0.3942, 0.9587, 0.628, -0.6913, 0.6859, 0.9616, 0.9632, -0.8453, -0.8888, 0.9224, -0.9573, -0.7729]
m235  +++$+++  [0.9847, -0.9576, -0.9802, 0.9712, 0.9408, 0.8814, -0.6728, 0.9763, -0.6574, 0.9828, 0.9695, 0.9917, 0.9547, 0.9923, 0.8336, 0.8853]
m38  +++$+++  [0.5452, 0.9173, -0.9544, 0.589, 0.9392, -0.9406, -0.9386, -0.5134, 0.9889, -0.6306, 0.8853, 0.9613, 0.9845, 0.3739, 0.4844, -0.382]
m264  +++$+++  [-0.897, 0.7883, 0.9466, -0.7265, -0.7377, 0.9374, -0.9009, -0.6187, -0.9499, -0.9393, 0.8785, -0.914, 0.6402, -0.9844, -0.7727, -0.5735]
m609  +++$+++  [0.3313, -0.9597, 0.9733, -0.8466, 0.7383, -0.5168, -0.9535, 0.8621, 0.6781, 0.5038, 0.9799, -0.5076, 0.8958, 0.6672, -0.9811, -0.9257]
m344  +++$+++  [0.9225, 0.969, 0.9622, 0.978, 0.9935, 0.9891, 0.9847, 0.9837, 0.986, 0.9779, 0.9542, 0.9898, 0.9721, 0.8832, 0.9934, 0.8456]
m569  +++$+++  [0.9392, 0.9839, 0.9137, 0.985, -0.9316, 0.9865, 0.9872, 0.9764, 0.9775, 0.6702, -0.6168, 0.8346, 0.9665, -0.969, -0.995, 0.5033]
m606  +++$+++  [0.9681, -0.5203, -0.9867, -0.9159, -0.8181, -0.9951, -0.9931, 0.9133, 0.8869, -0.5357, -0.9858, -0.8997, -0.9598, -0.9793, -0.9469, 0.9685]
m55  +++$+++  [0.9339, 0.8935, 0.9886, 0.9811, 0.9974, 0.9599, -0.997, 0.9973, 0.9939, 0.9966, 0.9898, 0.9975, 0.9938, 0.9915, 0.9986, 0.9632]
m326  +++$+++  [0.6271, 0.8829, 0.9278, -0.9211, 0.8463, -0.9883, 0.9565, -0.9788, 0.9517, 0.926, -0.9553, 0.9884, -0.8659, -0.7217, -0.9944, -0.9329]
m172  +++$+++  [0.9045, 0.9435, 0.9909, -0.88, 0.9914, 0.9924, 0.9767, 0.9953, 0.9328, -0.908, 0.6745, 0.8068, 0.9475, 0.9567, 0.9523, 0.9879]
m298  +++$+++  [0.9821, 0.49, 0.9977, -0.9853, 0.9956, 0.9705, 0.9977, 0.9767, -0.9739, 0.9616, 0.9733, 0.8051, 0.9799, 0.9936, 0.9969, -0.6669]
m590  +++$+++  [0.6529, -0.9241, -0.8166, 0.3764, -0.9774, 0.8638, 0.4648, 0.9134, -0.3724, 0.4979, -0.9799, 0.5992, -0.9146, -0.9111, -0.8685, 0.6854]
m357  +++$+++  [-0.9559, 0.264, -0.6628, -0.799, 0.9166, -0.8674, 0.9639, 0.7049, -0.843, -0.3578, 0.5362, 0.8859, 0.9484, -0.9231, -0.9301, 0.9428]
m309  +++$+++  [-0.8072, -0.9891, -0.7602, 0.994, 0.5166, 0.4596, -0.9529, -0.9733, -0.9659, -0.984, 0.9248, -0.976, -0.8086, 0.9108, 0.8602, -0.8021]
m473  +++$+++  [-0.8773, 0.6421, 0.8669, -0.7821, 0.6266, 0.9496, 0.4547, -0.9086, -0.9084, 0.8413, -0.912, -0.9557, 0.9718, 0.8799, -0.8313, 0.3821]
m112  +++$+++  [-0.544, 0.9727, 0.5285, 0.9199, -0.8557, 0.8277, 0.9153, -0.9116, -0.942, 0.4871, -0.9745, 0.8401, -0.9853, -0.9831, -0.4852, -0.9678]
m204  +++$+++  [0.9813, 0.9872, 0.965, 0.8109, 0.9935, 0.9975, 0.9876, 0.9274, 0.9544, -0.8644, -0.9003, -0.9975, 0.9985, 0.967, -0.6929, 0.842]
m161  +++$+++  [0.9908, 0.9974, 0.997, 0.5765, 0.9983, 0.9787, 0.9864, 0.9967, 0.9988, 0.9962, 0.9241, 0.8394, 0.9968, 0.9956, 0.9863, 0.9894]
m205  +++$+++  [-0.8563, 0.9891, 0.9257, 0.3425, 0.9855, 0.9766, 0.6107, 0.9495, 0.9791, -0.6427, -0.94, 0.9662, -0.8275, -0.99, 0.9052, 0.981]
m537  +++$+++  [-0.9982, -0.9606, 0.9827, 0.8066, 0.9836, 0.9995, 0.9992, 0.961, -0.968, 0.9688, -0.9765, 0.9332, -0.9823, -0.9877, 0.9636, 0.9492]
m392  +++$+++  [0.9853, 0.949, 0.8986, 0.9892, 0.4895, 0.57, 0.5979, -0.7149, -0.967, -0.5197, 0.9394, -0.7948, -0.9012, 0.979, 0.9228, -0.966]
m585  +++$+++  [0.965, 0.8067, 0.862, 0.9349, 0.9681, -0.5839, 0.9513, 0.9638, -0.869, 0.9381, 0.9838, 0.9894, -0.9787, 0.9025, 0.9891, 0.8733]
m188  +++$+++  [-0.6969, 0.9371, -0.9723, 0.9871, -0.8353, -0.8459, -0.9364, -0.9242, 0.8664, 0.957, 0.4501, 0.9136, 0.9778, 0.9007, -0.9422, 0.5439]
m78  +++$+++  [-0.4732, 0.9807, 0.9171, 0.9942, -0.9474, -0.6753, 0.9975, 0.7514, 0.9959, 0.9704, 0.9973, 0.9908, 0.9983, 0.9961, -0.9949, 0.9842]
m120  +++$+++  [0.9592, 0.9924, 0.9855, 0.902, -0.9909, 0.8942, 0.9977, 0.9908, -0.9783, 0.5722, 0.996, 0.9698, -0.9649, 0.9983, -0.9971, -0.9987]
m506  +++$+++  [-0.7413, 0.9874, -0.9887, -0.938, -0.9848, -0.9656, -0.6088, -0.9959, -0.9979, -0.9915, -0.9907, -0.9671, -0.9734, 0.9011, 0.9119, -0.9965]
m353  +++$+++  [0.9716, 0.9566, -0.4608, 0.8995, 0.9394, -0.958, 0.8254, 0.9723, -0.7795, 0.9806, 0.9493, 0.9777, 0.9895, 0.992, 0.9798, 0.9797]
m548  +++$+++  [0.5583, 0.9921, 0.9718, 0.9397, 0.7114, -0.5907, 0.9968, 0.9612, 0.9926, 0.9935, 0.9953, 0.9579, 0.9006, -0.9481, 0.997, 0.4642]
m311  +++$+++  [0.4871, -0.9964, -0.7035, -0.8956, 0.7536, -0.6613, -0.9886, -0.9756, 0.9664, -0.5525, -0.6848, -0.9687, -0.9604, -0.8872, 0.7879, 0.5606]
m187  +++$+++  [0.6858, 0.6802, -0.9868, 0.9749, 0.6106, -0.9757, 0.8866, 0.9603, -0.9585, -0.5751, -0.8118, -0.9623, 0.3939, 0.9678, 0.8921, -0.906]
m210  +++$+++  [0.264, 0.9725, -0.643, -0.3096, -0.866, -0.9759, -0.9902, -0.733, -0.9528, 0.2359, -0.7087, -0.7751, -0.9753, -0.7037, -0.9925, -0.7993]
m12  +++$+++  [0.9664, 0.9847, -0.9695, 0.9253, -0.8142, -0.9703, 0.9491, -0.5803, -0.6467, -0.5546, 0.8448, 0.9951, 0.9121, 0.9028, 0.3502, -0.9449]
m170  +++$+++  [-0.9931, -0.9962, -0.9651, -0.9939, -0.9766, -0.901, -0.9311, -0.994, -0.9633, -0.9827, -0.999, -0.9954, -0.7885, -0.9496, -0.9761, -0.9891]
m163  +++$+++  [0.9975, 0.9976, 0.9965, 0.9621, 0.9893, 0.9942, -0.8998, 0.9934, 0.9779, 0.9866, 0.9966, 0.9932, -0.9646, 0.9986, -0.8331, -0.9975]
m215  +++$+++  [0.9435, 0.9601, 0.9797, -0.9862, -0.9537, -0.9603, -0.9913, -0.993, -0.9043, -0.9931, -0.9512, -0.9223, 0.6398, -0.9866, 0.9478, 0.9906]
m76  +++$+++  [0.9868, 0.9224, 0.9341, 0.9914, 0.947, 0.9252, 0.9316, -0.9948, 0.9827, 0.9937, 0.9974, 0.9689, 0.9207, 0.9859, 0.8593, 0.9524]
m333  +++$+++  [-0.9796, -0.4878, 0.9987, -0.9538, -0.9879, -0.7023, 0.7581, 0.9149, -0.8792, 0.8841, 0.9794, 0.5535, -0.5868, 0.8386, -0.8545, 0.9056]
m579  +++$+++  [0.9878, 0.9909, 0.8618, 0.9564, 0.964, -0.8089, 0.7509, 0.4963, -0.8634, -0.6319, -0.4902, -0.9634, 0.5564, 0.7708, 0.9356, 0.935]
m223  +++$+++  [0.7642, -0.9743, -0.9663, -0.9202, 0.4422, -0.9849, -0.9699, -0.9569, -0.9788, -0.9416, -0.939, 0.9748, -0.8988, -0.9732, -0.9563, -0.6572]
m556  +++$+++  [-0.991, -0.9818, -0.8031, -0.3204, -0.7658, -0.7433, -0.9896, -0.9254, -0.9161, 0.97, 0.9549, -0.7346, -0.7172, -0.9491, 0.9771, 0.8917]
m305  +++$+++  [0.9117, 0.9121, 0.7587, 0.9376, 0.9356, 0.9722, -0.8551, 0.9339, 0.6573, 0.9572, 0.988, 0.94, 0.4234, -0.9552, -0.4979, 0.8619]
m49  +++$+++  [-0.9222, -0.9284, 0.9675, 0.9718, -0.8601, -0.9735, -0.9534, 0.9105, -0.987, 0.6951, 0.9901, 0.9738, 0.9887, -0.7806, 0.7495, -0.8429]
m398  +++$+++  [0.711, 0.6305, -0.906, -0.8419, 0.9743, -0.2444, -0.7002, 0.8035, -0.2808, 0.978, 0.8413, 0.3266, -0.8364, 0.9354, -0.2951, -0.8229]
m478  +++$+++  [0.4007, 0.6767, 0.8286, 0.8582, 0.9112, -0.7998, -0.6747, -0.7717, 0.4515, -0.4404, -0.8385, 0.5565, -0.3991, -0.907, -0.686, -0.6742]
m482  +++$+++  [0.7622, 0.9142, -0.689, 0.6042, -0.9064, -0.559, -0.9674, 0.9273, 0.4003, -0.9873, 0.7124, -0.9025, 0.7854, -0.979, 0.5782, 0.9211]
m519  +++$+++  [0.9897, 0.9911, 0.9513, 0.9887, 0.9662, -0.9968, 0.912, 0.9948, -0.9945, 0.9872, 0.9898, 0.9968, -0.8894, -0.9824, 0.9973, 0.9975]
m496  +++$+++  [-0.9127, -0.9934, 0.9861, -0.9767, -0.4842, -0.9651, -0.9972, 0.9687, -0.9052, -0.896, -0.8313, -0.9886, 0.8198, 0.9494, -0.7216, 0.9778]
m64  +++$+++  [0.7707, 0.879, 0.7125, -0.636, 0.9543, -0.9597, -0.9018, 0.9397, -0.6778, 0.9315, -0.5625, 0.7795, 0.918, 0.9032, -0.8934, 0.7967]
m594  +++$+++  [0.9291, 0.9004, -0.8926, 0.9952, 0.9961, 0.5442, 0.9801, -0.9516, 0.7844, 0.9795, 0.9898, 0.9095, 0.9757, 0.9754, 0.9808, 0.9874]
m526  +++$+++  [0.9447, 0.997, 0.9785, 0.913, 0.9903, 0.9433, 0.86, 0.9901, -0.7165, 0.939, -0.8747, 0.8409, -0.9019, -0.7824, 0.9667, 0.5381]
m492  +++$+++  [0.909, -0.3639, 0.9918, -0.8317, 0.9803, 0.945, -0.7237, 0.8634, 0.9522, -0.9062, 0.966, -0.9825, -0.4953, -0.8175, 0.7551, 0.9526]
m361  +++$+++  [-0.7059, -0.3151, 0.9554, -0.327, -0.6898, 0.1739, 0.957, -0.8945, -0.8989, -0.4871, -0.9597, 0.8988, 0.5538, -0.9658, 0.6759, 0.9045]
m529  +++$+++  [-0.9378, 0.9874, -0.9629, -0.6298, 0.6013, -0.5537, -0.4225, -0.9697, -0.6668, -0.9135, -0.6283, 0.4431, -0.9555, 0.9643, 0.6262, 0.9914]
m130  +++$+++  [0.8803, -0.9539, 0.9794, 0.9932, -0.9843, 0.6713, 0.8792, -0.9754, 0.918, 0.9554, 0.9605, -0.763, 0.9768, 0.9925, 0.9904, 0.9371]
m136  +++$+++  [0.8309, 0.9822, -0.9052, 0.7762, -0.9814, 0.7427, 0.9504, 0.9819, -0.9528, 0.7134, -0.9432, -0.9867, -0.8809, 0.9289, -0.8824, -0.9753]
m9  +++$+++  [-0.9634, 0.6189, 0.9291, 0.4867, 0.9291, -0.933, -0.9471, 0.8634, 0.9385, -0.6628, -0.8496, -0.6836, -0.8531, 0.5897, -0.6303, 0.9119]
m21  +++$+++  [0.9787, 0.7412, 0.9718, 0.9595, 0.7258, 0.9622, -0.9495, 0.9729, 0.8939, 0.9521, 0.865, -0.7731, 0.9442, 0.9851, 0.9463, 0.9694]
m572  +++$+++  [-0.6004, 0.5286, -0.8336, -0.9451, 0.9516, -0.6612, -0.8101, 0.7236, 0.4816, 0.9191, -0.7859, 0.5081, -0.9355, -0.9587, -0.9759, -0.6834]
m117  +++$+++  [0.93, 0.9882, 0.9751, 0.9953, 0.6507, 0.9776, 0.9097, -0.9163, -0.6897, 0.4245, 0.9897, 0.9809, 0.9933, 0.931, 0.7662, -0.9385]
m604  +++$+++  [0.7848, 0.9486, -0.5885, 0.8114, -0.7095, -0.9249, -0.7124, -0.8196, -0.9779, 0.7268, -0.9092, 0.5495, 0.9166, 0.7322, 0.8125, -0.9817]
m252  +++$+++  [0.9423, 0.9176, 0.9594, 0.8335, 0.8473, 0.8842, 0.9827, 0.949, 0.9825, 0.9684, 0.8352, 0.9891, 0.974, -0.9481, 0.9768, 0.9542]
m354  +++$+++  [0.9635, 0.7982, -0.3923, 0.8232, 0.1948, 0.6956, -0.7998, 0.2869, -0.8075, 0.9835, 0.7149, -0.3116, 0.6041, 0.631, 0.9399, 0.7756]
m50  +++$+++  [-0.974, -0.9848, -0.869, 0.9871, -0.9187, 0.8916, -0.8914, 0.9794, 0.9859, 0.5315, 0.8361, -0.7761, -0.5754, -0.9914, -0.9704, 0.4361]
m472  +++$+++  [-0.9768, -0.9302, 0.9664, 0.9768, 0.8691, -0.264, -0.9837, 0.5523, 0.9546, -0.9818, -0.4746, -0.5721, -0.9593, 0.8091, -0.7961, -0.9205]
m581  +++$+++  [0.9959, -0.9904, -0.973, 0.9472, 0.9892, 0.987, 0.9813, 0.9809, 0.9528, -0.5056, 0.9932, 0.8319, -0.8021, -0.8897, 0.8481, -0.9194]
m499  +++$+++  [0.4043, 0.9904, -0.8404, 0.9839, 0.9946, 0.9937, 0.9932, 0.9947, 0.8803, 0.9956, 0.948, 0.9539, 0.9926, 0.973, 0.9889, -0.5924]
m31  +++$+++  [0.9842, 0.9527, -0.6666, 0.9841, -0.5116, -0.9334, 0.9603, 0.8642, -0.669, -0.9541, 0.9044, -0.6885, -0.8224, 0.9626, -0.9694, 0.728]
m103  +++$+++  [0.9909, 0.9944, 0.9684, 0.9909, 0.9941, 0.9775, 0.9794, 0.9812, 0.991, 0.6978, 0.9874, 0.9963, 0.9928, 0.9951, 0.9828, 0.9957]
m385  +++$+++  [0.9579, 0.6767, 0.672, 0.9366, 0.8577, 0.9591, 0.4824, -0.9521, -0.9671, 0.8717, 0.9127, -0.9427, -0.8912, -0.9924, -0.9267, 0.9807]
m396  +++$+++  [-0.6294, 0.9146, 0.5158, 0.9667, 0.9499, 0.9762, 0.991, 0.4599, 0.3437, -0.3094, -0.9295, 0.9555, 0.9283, 0.9439, -0.9009, -0.9952]
m391  +++$+++  [-0.8932, -0.9811, -0.7328, -0.6397, 0.3257, -0.9751, 0.8623, -0.9829, -0.9641, 0.7396, -0.9662, -0.9713, 0.9347, 0.6343, -0.9708, 0.9109]
m159  +++$+++  [0.9743, -0.9964, -0.9699, 0.964, 0.9588, 0.9236, 0.9362, 0.9223, 0.8565, -0.8127, -0.7712, 0.9882, 0.9838, 0.9338, 0.6673, -0.6166]
m190  +++$+++  [-0.7771, -0.9856, 0.9679, 0.9728, 0.9839, -0.9802, 0.9709, 0.891, 0.9603, -0.8356, 0.7367, 0.9448, -0.9366, 0.7948, -0.814, 0.9334]
m56  +++$+++  [0.9953, -0.409, 0.951, 0.981, 0.9639, 0.9085, 0.8379, 0.9145, 0.8946, 0.3426, 0.8884, -0.9206, -0.9626, -0.987, -0.3281, 0.9178]
m256  +++$+++  [0.9956, 0.9874, -0.8893, 0.8963, -0.8217, 0.9785, 0.961, 0.5458, 0.988, 0.9802, -0.9812, -0.9352, 0.9968, 0.9941, 0.9834, -0.7655]
m536  +++$+++  [0.9008, -0.9922, -0.9839, -0.8996, -0.9164, -0.9164, -0.9583, 0.9907, 0.9768, -0.5581, -0.622, -0.9804, -0.9963, -0.9845, 0.9884, -0.4064]
m374  +++$+++  [0.9971, 0.8568, 0.8543, -0.8057, 0.539, 0.7343, 0.9757, 0.5632, -0.8811, 0.9904, 0.8352, 0.9364, 0.9423, 0.9894, 0.9907, -0.6213]
m341  +++$+++  [0.9942, 0.9844, 0.9859, -0.9354, -0.9939, 0.7438, 0.9694, -0.8275, -0.9549, 0.9932, 0.8158, 0.967, -0.9342, -0.9625, -0.9703, -0.979]
m558  +++$+++  [-0.7179, 0.9942, 0.9862, 0.9974, 0.8716, -0.9827, -0.9596, 0.7873, 0.9772, -0.2698, -0.9034, 0.9887, 0.9769, 0.9101, 0.8492, 0.9829]
m442  +++$+++  [0.8402, -0.794, 0.6968, -0.9091, 0.8343, 0.9566, -0.9235, 0.9469, 0.9949, 0.9479, -0.8644, -0.9593, -0.9736, 0.4422, -0.9479, 0.8872]
m263  +++$+++  [0.965, 0.8012, -0.821, -0.9638, 0.963, 0.9713, 0.9222, 0.9929, 0.8816, 0.9364, 0.9406, 0.9853, -0.9559, 0.992, 0.983, -0.8021]
m542  +++$+++  [-0.9617, 0.8718, 0.914, 0.687, 0.952, 0.9535, 0.9652, 0.9374, 0.8981, 0.9919, 0.9605, 0.932, -0.8203, 0.895, -0.8195, 0.9744]
m226  +++$+++  [0.965, -0.5798, 0.9086, 0.8536, 0.9034, 0.9352, 0.7067, 0.8567, 0.8877, 0.7736, -0.939, 0.9407, -0.5221, -0.4168, 0.8401, -0.714]
m547  +++$+++  [-0.6724, 0.8375, 0.84, 0.9642, 0.5877, -0.976, -0.9757, -0.9202, 0.9344, -0.8804, 0.8967, -0.9859, -0.9883, -0.8471, -0.9446, -0.9595]
m518  +++$+++  [0.9908, 0.9984, 0.9958, 0.9972, 0.9228, -0.6173, -0.9855, 0.9594, 0.9891, 0.8741, 0.9989, 0.9982, 0.9939, 0.9968, 0.9938, 0.9821]
m440  +++$+++  [0.7662, 0.9277, 0.8094, -0.8501, -0.6714, -0.5238, -0.8504, 0.7815, 0.7867, -0.6189, -0.9007, -0.9188, -0.7692, -0.8965, -0.926, -0.7736]
m523  +++$+++  [0.9917, 0.9437, 0.8653, -0.3163, 0.9019, -0.9384, -0.7568, 0.9411, -0.4363, -0.9442, 0.8531, -0.7575, -0.6366, -0.9629, -0.3026, 0.7461]
m369  +++$+++  [-0.9718, 0.9914, 0.9694, 0.9912, 0.974, 0.9736, -0.9631, 0.9935, -0.3087, 0.9828, -0.9773, -0.9613, 0.9963, 0.9664, -0.8527, 0.9955]
m118  +++$+++  [0.9394, -0.8601, 0.9526, 0.8242, 0.5076, -0.6192, -0.9095, 0.997, 0.9525, 0.9853, 0.9765, 0.7735, 0.9907, 0.9933, 0.7535, 0.9938]
m209  +++$+++  [-0.8881, 0.9959, 0.9765, 0.958, 0.992, 0.9679, -0.8623, 0.9856, -0.2753, 0.9643, -0.8704, 0.9672, -0.9713, 0.9784, 0.4428, -0.9719]
m415  +++$+++  [0.7143, 0.6759, -0.9264, 0.952, 0.976, -0.9412, 0.9616, 0.7605, -0.9117, -0.9918, -0.7503, -0.8896, 0.7183, -0.9511, 0.9862, 0.9812]
m546  +++$+++  [0.9935, 0.7121, 0.9894, 0.9916, 0.9323, -0.9457, 0.9274, 0.9945, 0.9579, 0.9743, 0.9946, 0.9928, 0.9514, 0.6169, 0.8202, -0.8575]
m376  +++$+++  [0.9693, 0.9969, -0.7783, 0.9234, -0.8899, 0.9862, 0.9878, 0.9957, 0.9843, 0.9947, 0.9984, 0.9926, 0.9931, 0.9936, 0.9855, 0.992]
m229  +++$+++  [-0.9426, -0.9395, -0.9794, 0.8346, 0.9686, -0.9922, 0.9911, 0.9938, 0.9437, 0.9957, 0.9504, 0.9118, 0.9887, -0.9865, 0.972, 0.9871]
m301  +++$+++  [0.8307, 0.9463, 0.9913, 0.8808, -0.9958, -0.9605, -0.9074, 0.9814, -0.9906, 0.9958, 0.7074, -0.3929, 0.9954, 0.9833, 0.9911, 0.9955]
m157  +++$+++  [0.4784, 0.9422, 0.8685, -0.9468, -0.9854, 0.9702, 0.9783, 0.6014, -0.982, 0.9926, -0.2791, 0.556, 0.7683, 0.7994, -0.9811, -0.6426]
m268  +++$+++  [-0.6759, 0.981, 0.3847, 0.8132, 0.9546, 0.6562, -0.5688, 0.8529, 0.885, 0.9569, -0.9362, 0.7278, -0.4577, 0.901, 0.871, 0.9167]
m349  +++$+++  [0.9824, -0.9527, -0.8035, -0.9892, 0.9287, -0.9909, -0.9, -0.9347, -0.9498, -0.9169, -0.5369, -0.886, -0.9597, -0.928, -0.9055, -0.9683]
m476  +++$+++  [0.9895, 0.9899, 0.9865, 0.9605, 0.5305, 0.997, 0.944, 0.6511, 0.8618, 0.9466, 0.9852, 0.9503, -0.7691, 0.9484, 0.9126, 0.9731]
m410  +++$+++  [0.8269, 0.2137, -0.5869, 0.5545, 0.9729, 0.9659, -0.769, -0.9171, 0.8821, -0.9849, -0.9736, -0.8336, -0.8161, -0.9033, -0.9577, -0.5584]
m58  +++$+++  [0.9488, 0.964, 0.9769, 0.9571, 0.9795, 0.9882, 0.9535, -0.6742, 0.9466, -0.803, 0.9558, 0.818, 0.9137, -0.5705, 0.9655, -0.7297]
m485  +++$+++  [0.9946, 0.9846, -0.9783, 0.9549, 0.9405, 0.8345, 0.9929, 0.98, 0.9824, 0.8796, 0.9923, 0.9366, -0.9609, -0.9249, 0.9789, -0.7202]
m487  +++$+++  [-0.9943, 0.9983, 0.9977, 0.9849, 0.9971, 0.7629, 0.9844, -0.9811, 0.9943, 0.9931, 0.9982, 0.8972, -0.9969, 0.9828, 0.9976, -0.9981]
m77  +++$+++  [0.9461, 0.8974, 0.9809, 0.9952, 0.9959, 0.9951, -0.9727, -0.989, 0.8542, -0.9924, 0.7128, 0.9896, -0.5051, -0.97, 0.971, 0.9255]
m512  +++$+++  [0.9949, -0.7823, 0.8011, 0.9754, 0.4757, -0.9902, 0.9816, 0.9939, 0.9859, 0.9262, 0.8951, -0.9555, 0.9062, 0.9935, 0.9048, 0.9816]
m580  +++$+++  [0.4137, -0.1007, 0.865, -0.4614, -0.1179, -0.7615, 0.5605, -0.5517, 0.6046, 0.1406, 0.3923, 0.2387, -0.6776, -0.7213, 0.0, 0.2406]
m146  +++$+++  [0.9834, 0.9664, 0.7655, -0.6931, 0.9901, -0.847, 0.9918, -0.9804, -0.9473, 0.8948, -0.8426, 0.9786, -0.9839, 0.9628, 0.6339, -0.754]
m122  +++$+++  [0.883, 0.9701, -0.9347, 0.7885, 0.2979, 0.5146, 0.8078, 0.5867, -0.6503, -0.8339, 0.9875, -0.6853, 0.9231, -0.627, -0.9842, 0.9905]
m401  +++$+++  [-0.7149, -0.973, 0.9157, 0.9476, 0.8784, -0.9912, -0.9455, -0.853, 0.9794, 0.9392, -0.9505, -0.9286, -0.7601, -0.928, 0.8475, -0.8067]
m412  +++$+++  [0.9678, 0.5362, -0.853, -0.9591, 0.5616, -0.5204, -0.9918, -0.9309, -0.445, 0.9438, -0.7594, -0.9912, 0.4137, -0.9809, -0.9942, -0.7569]
m553  +++$+++  [0.9615, 0.97, -0.8668, -0.9455, -0.8333, 0.9195, 0.9879, 0.9326, 0.9336, 0.9164, -0.9641, -0.9778, 0.9673, 0.9968, 0.9963, -0.9029]
m19  +++$+++  [-0.9574, -0.8985, -0.7484, 0.981, -0.9688, 0.9952, -0.9422, -0.9875, -0.5935, 0.919, 0.8838, 0.9178, 0.9713, 0.9883, -0.8913, -0.9648]
m36  +++$+++  [0.9951, 0.9984, -0.9904, 0.9576, 0.9976, 0.9959, 0.9935, 0.9804, 0.9977, 0.9847, 0.9896, 0.927, 0.7488, 0.7603, 0.9697, 0.9799]
m84  +++$+++  [0.9781, 0.9969, 0.9916, 0.9943, 0.9881, 0.9816, 0.9925, 0.9673, 0.967, 0.9938, 0.9886, 0.9953, -0.9879, 0.9145, 0.993, 0.997]
m521  +++$+++  [0.7184, 0.3252, 0.1032, 0.0, 0.5994, 0.0, 0.8834, -0.3182, -0.6036, 0.4588, -0.5904, 0.6632, -0.1779, 0.2003, -0.4314, -0.5321]
m293  +++$+++  [0.9854, 0.9962, 0.9973, 0.9782, -0.9799, -0.9419, -0.9651, 0.91, 0.9954, 0.9883, -0.853, 0.9956, -0.8143, 0.9784, 0.7594, 0.8926]
m449  +++$+++  [-0.4965, 0.8857, 0.9774, 0.9098, 0.9885, -0.8836, 0.9973, -0.9534, 0.9362, -0.9928, 0.8684, 0.7738, -0.9759, -0.7428, -0.9635, 0.9431]
m281  +++$+++  [0.9931, 0.9318, 0.9822, -0.5934, 0.9845, 0.4992, 0.8712, -0.9808, -0.9818, -0.9855, -0.84, -0.9957, 0.7821, -0.9337, -0.9785, -0.9754]
m220  +++$+++  [-0.8484, 0.8931, 0.9642, 0.9422, -0.7419, 0.5599, 0.6878, -0.9964, -0.9623, 0.9775, 0.9549, 0.9918, 0.9084, 0.8875, 0.9353, -0.8872]
m192  +++$+++  [0.9839, 0.8453, 0.9916, 0.9618, 0.7736, 0.8729, 0.8134, -0.9508, -0.7922, 0.9917, 0.968, 0.9603, -0.9756, -0.9581, -0.9463, 0.9673]
m450  +++$+++  [0.7875, 0.992, 0.9953, 0.9929, 0.948, 0.9981, 0.9954, 0.9886, 0.963, 0.6441, 0.9889, 0.9918, 0.9965, 0.9819, 0.994, 0.9929]
m175  +++$+++  [0.9894, -0.9392, 0.9927, 0.9692, 0.9934, 0.9759, -0.7022, 0.9064, 0.9575, -0.8773, 0.8146, -0.9828, 0.8336, 0.9969, 0.9927, 0.7315]
m185  +++$+++  [0.3595, -0.3277, -0.8899, -0.8282, 0.8484, -0.8674, -0.8888, -0.825, 0.6157, 0.7727, -0.9273, 0.9864, 0.974, 0.8761, 0.981, 0.9867]
m291  +++$+++  [-0.9145, 0.9534, -0.9863, 0.9672, 0.9711, 0.9631, -0.9516, 0.9166, 0.9522, -0.9866, -0.4534, -0.9782, -0.9338, -0.8844, 0.7492, 0.9818]
m540  +++$+++  [-0.9129, 0.946, -0.8253, 0.4807, 0.9932, 0.9721, 0.9882, 0.9927, 0.8663, 0.986, 0.8902, 0.9642, 0.9342, -0.9393, -0.9695, 0.7951]
m70  +++$+++  [-0.7978, -0.8833, -0.758, 0.9646, -0.5023, 0.996, 0.9795, 0.7832, 0.9916, 0.9701, 0.995, 0.9763, -0.9337, 0.8527, 0.9862, -0.9934]
m315  +++$+++  [0.901, 0.9503, 0.8091, -0.9553, -0.5946, -0.7312, 0.6213, 0.8978, 0.9369, 0.7352, -0.7716, 0.7998, 0.3094, 0.8126, -0.743, 0.7611]
m150  +++$+++  [-0.9985, -0.9988, -0.9896, 0.9922, 0.9597, 0.7192, -0.9894, -0.9916, -0.5421, -0.9618, -0.9845, -0.9915, -0.9959, -0.9962, -0.9974, 0.8563]
m199  +++$+++  [0.9729, -0.957, 0.9219, -0.9756, 0.9564, -0.8042, 0.9389, 0.9891, 0.9788, -0.9518, -0.4358, 0.9773, 0.7771, 0.6254, -0.2446, 0.9859]
m429  +++$+++  [0.967, 0.9863, 0.9964, 0.9841, 0.9921, -0.9944, -0.9726, -0.9718, -0.9153, -0.9348, 0.9284, 0.8927, -0.5519, 0.7047, -0.9608, -0.9648]
m342  +++$+++  [-0.4707, 0.9618, 0.9731, 0.9676, 0.8225, 0.9981, -0.8355, 0.9928, 0.9991, 0.9731, 0.9793, 0.8897, 0.9968, -0.9811, -0.9968, 0.9951]
m105  +++$+++  [-0.634, -0.9975, -0.7918, -0.9797, 0.9828, -0.7221, 0.8326, -0.9214, 0.9945, 0.7758, 0.7749, 0.9857, 0.9101, -0.9865, -0.9745, 0.9909]
m405  +++$+++  [0.3703, -0.8112, 0.8859, 0.5186, 0.4055, 0.9474, 0.575, -0.7135, 0.9884, 0.9434, 0.699, 0.2694, 0.9629, -0.7637, -0.9865, -0.937]
m345  +++$+++  [0.9251, 0.9501, 0.9804, 0.956, 0.9795, 0.978, 0.9562, 0.6412, 0.7663, -0.7798, 0.9287, 0.7655, 0.8991, -0.2933, 0.9234, -0.8668]
m198  +++$+++  [0.9915, 0.9544, 0.7013, 0.9801, 0.9561, 0.995, 0.848, -0.7017, 0.9902, -0.8455, 0.9784, 0.6553, 0.5871, 0.8759, -0.9779, 0.827]
m589  +++$+++  [-0.9929, 0.9974, 0.9842, -0.9701, -0.9891, 0.6397, -0.9952, -0.9831, 0.9936, -0.9783, 0.9923, -0.9973, 0.9945, -0.9777, 0.5736, -0.9812]
m399  +++$+++  [0.9622, -0.8157, 0.7307, -0.8637, -0.9365, 0.9897, -0.9396, -0.9725, -0.5544, 0.6317, -0.9792, -0.9624, 0.9583, -0.9893, -0.9657, 0.6604]
m531  +++$+++  [0.9365, 0.9787, 0.9344, -0.7293, 0.8869, 0.5003, 0.6609, 0.8216, -0.6135, 0.9266, 0.84, -0.7682, 0.8385, 0.7666, 0.979, -0.807]
m0  +++$+++  [-0.9812, 0.9826, -0.9307, 0.8509, 0.985, -0.8373, 0.9917, 0.8355, 0.9751, 0.9567, 0.9119, -0.724, -0.9347, 0.9398, -0.8782, -0.9056]
m86  +++$+++  [-0.9817, -0.9792, 0.8504, 0.5113, 0.6635, -0.9826, -0.7484, -0.4943, -0.486, -0.5132, 0.9584, -0.9063, 0.9872, 0.9612, 0.7861, -0.8806]
m100  +++$+++  [0.9918, -0.4895, -0.5699, 0.9119, -0.9696, 0.7138, 0.9903, 0.9418, 0.9721, 0.982, 0.8451, 0.9726, 0.9009, 0.8036, 0.9928, 0.9783]
m550  +++$+++  [0.9373, 0.9965, 0.9818, 0.9855, 0.9124, 0.7747, 0.9605, 0.5903, -0.8923, -0.2719, 0.9576, 0.9775, 0.9808, -0.984, -0.9932, 0.9915]
m203  +++$+++  [0.9593, 0.9514, 0.9279, 0.7964, -0.3011, -0.9128, 0.9973, -0.8667, -0.965, -0.7418, -0.9368, 0.9824, 0.9932, -0.946, 0.8556, 0.9876]
m601  +++$+++  [0.9799, 0.9416, 0.9786, 0.9834, -0.9668, -0.9209, 0.9503, -0.9921, 0.9418, -0.6561, 0.9936, 0.759, -0.8871, -0.9415, 0.8981, -0.8948]
m93  +++$+++  [0.997, 0.9611, 0.9956, 0.9987, 0.9904, 0.9731, 0.9942, 0.9947, 0.9969, 0.999, 0.9836, 0.9327, 0.9961, 0.9344, -0.991, 0.998]
m503  +++$+++  [0.9972, 0.9936, 0.9951, 0.998, 0.9871, 0.9987, 0.8216, 0.9908, 0.9939, 0.9862, 0.9784, -0.3925, 0.8685, 0.9806, 0.6006, 0.9949]
m30  +++$+++  [0.931, 0.8798, 0.9504, 0.5184, 0.9529, -0.7853, -0.8413, 0.9238, 0.9621, 0.9932, 0.9359, 0.9617, 0.9388, 0.966, 0.9781, 0.9819]
m142  +++$+++  [-0.9232, 0.9436, -0.8267, -0.9661, 0.941, 0.8492, 0.968, -0.8996, 0.9807, 0.6993, -0.9934, -0.9233, -0.7534, 0.6395, -0.9161, -0.9595]
m148  +++$+++  [-0.9168, -0.9763, -0.972, -0.9604, -0.8708, 0.8139, 0.8873, -0.8496, 0.9383, 0.6445, 0.9513, 0.9314, 0.8942, -0.5489, 0.8815, 0.8284]
m480  +++$+++  [0.9904, -0.989, 0.9396, -0.8498, -0.9663, 0.9868, 0.9843, 0.8492, 0.8017, -0.6251, -0.9947, 0.9924, -0.9752, 0.9964, -0.8714, -0.9487]
m564  +++$+++  [0.9626, 0.9943, 0.9535, 0.9703, 0.7712, 0.929, 0.9755, 0.9852, 0.6725, 0.6277, -0.9948, -0.9954, -0.7827, -0.9884, -0.996, -0.9966]
m525  +++$+++  [-0.9949, -0.9453, 0.9363, -0.9953, -0.9169, -0.9717, -0.9496, -0.9606, -0.9871, -0.8669, -0.9293, 0.9654, -0.9678, 0.9307, -0.9922, 0.9877]
m495  +++$+++  [-0.7659, 0.8023, -0.8117, -0.8903, 0.972, 0.7348, -0.8468, 0.9467, -0.7665, 0.9919, -0.9619, -0.8616, -0.9292, 0.5912, -0.8642, -0.9928]
m574  +++$+++  [0.8002, 0.9801, 0.9805, 0.9345, 0.9808, 0.9476, 0.7317, 0.993, 0.9806, -0.8946, 0.967, 0.8498, 0.822, -0.9319, 0.9781, 0.9611]
m615  +++$+++  [0.9715, -0.5899, -0.8438, 0.9971, 0.9887, 0.9607, 0.9675, 0.9938, 0.8941, 0.9639, 0.9902, 0.9953, 0.9779, 0.993, -0.9236, 0.9956]
m97  +++$+++  [-0.9546, -0.8575, -0.732, 0.9528, -0.7515, 0.5775, 0.737, 0.8611, -0.8834, 0.91, 0.9431, -0.9736, 0.7313, -0.9671, 0.6255, 0.7706]
m348  +++$+++  [-0.9572, 0.9788, 0.944, -0.8827, 0.9805, -0.9938, -0.8836, 0.9579, 0.9783, -0.6098, -0.9827, -0.9945, -0.8465, -0.8758, -0.987, 0.9568]
m316  +++$+++  [0.987, 0.8031, 0.9806, 0.8712, 0.9554, 0.9896, 0.9525, 0.9732, -0.9843, 0.9411, -0.9893, 0.9763, -0.5436, 0.9395, -0.9423, 0.9389]
m128  +++$+++  [0.9089, 0.9737, 0.9236, 0.4898, -0.7566, 0.8856, -0.8973, 0.6392, 0.9932, 0.9553, 0.9427, 0.9488, -0.6411, 0.9872, -0.7347, -0.9779]
m243  +++$+++  [-0.7083, 0.9911, 0.9917, 0.8297, 0.9975, 0.9811, 0.9985, 0.9984, 0.9985, 0.9913, 0.9822, 0.9995, 0.998, 0.9969, 0.9988, 0.9966]
m437  +++$+++  [0.8949, -0.8291, -0.9674, -0.9269, 0.8231, -0.8374, 0.5244, -0.9654, -0.2406, -0.8105, -0.62, -0.9355, 0.8696, 0.9737, 0.9617, -0.3707]
m296  +++$+++  [0.9604, 0.9911, 0.8857, 0.9459, -0.9503, -0.718, -0.9312, 0.9917, -0.9483, 0.4528, 0.9945, -0.975, -0.9789, -0.8231, 0.9657, 0.9584]
m535  +++$+++  [-0.517, -0.6303, -0.2942, 0.5293, 0.7288, 0.7671, -0.9588, -0.8445, 0.5406, -0.8978, 0.6858, -0.9478, 0.7729, -0.5792, 0.9279, 0.7581]
m486  +++$+++  [0.3485, 0.0, 0.0, 0.0, 0.2869, 0.0772, -0.2732, -0.3612, 0.2263, -0.453, 0.5719, 0.2033, 0.6796, 0.8205, 0.2928, 0.168]
m110  +++$+++  [0.978, -0.2606, -0.818, 0.7063, 0.8663, 0.9581, -0.4932, -0.9445, -0.9954, 0.6147, -0.8947, -0.8739, -0.9377, -0.9934, -0.9455, -0.9565]
m134  +++$+++  [-0.6767, -0.5284, -0.8824, -0.6199, 0.755, -0.5404, 0.831, -0.9177, 0.5851, 0.7941, 0.8733, -0.3565, -0.9477, -0.6303, 0.8423, 0.6072]
m44  +++$+++  [-0.8055, 0.9378, -0.7121, 0.9488, 0.9892, 0.9893, 0.9805, 0.9793, -0.934, 0.968, 0.9674, 0.9959, 0.9686, 0.9506, -0.8199, -0.8132]
m616  +++$+++  [0.9145, 0.8541, 0.7399, 0.9356, 0.0, -0.4592, -0.126, -0.2168, 0.5423, -0.4042, -0.8025, -0.4914, 0.91, 0.7399, 0.891, 0.9062]
m32  +++$+++  [-0.7788, 0.9794, -0.9943, -0.9285, -0.8142, -0.9934, -0.9881, 0.9908, 0.3437, 0.9749, -0.8818, 0.9879, -0.8918, 0.9003, 0.9809, 0.9973]
m578  +++$+++  [0.9869, 0.9768, 0.9684, -0.957, 0.5114, -0.7431, 0.9535, -0.8562, -0.5589, -0.9823, 0.6747, -0.8282, 0.8522, 0.5157, -0.8995, -0.8843]
m566  +++$+++  [-0.9445, 0.8148, 0.9909, -0.8049, 0.9787, -0.8295, 0.9785, 0.8603, -0.9724, 0.9498, 0.9748, 0.9663, -0.9148, -0.8937, 0.4606, 0.896]
m488  +++$+++  [0.9595, -0.914, 0.986, 0.941, 0.8065, 0.9785, -0.9525, 0.7452, 0.965, 0.9228, 0.9559, 0.9671, 0.5787, -0.8163, 0.3129, 0.945]
m501  +++$+++  [0.8608, -0.799, -0.9243, -0.9556, 0.9842, -0.9877, 0.9841, -0.9819, 0.8503, -0.8677, -0.924, 0.6959, -0.9859, -0.6705, -0.779, -0.9599]
m504  +++$+++  [0.9692, 0.9451, -0.6315, 0.9691, 0.9646, -0.6443, 0.9561, 0.9051, -0.9903, 0.7664, -0.943, 0.9419, 0.9146, 0.8738, -0.6697, 0.9342]
m99  +++$+++  [-0.7736, 0.8534, -0.9556, 0.6457, 0.9833, 0.7045, -0.7215, 0.9808, -0.5934, -0.9953, -0.895, 0.5226, -0.9766, -0.8089, 0.8232, 0.937]
m72  +++$+++  [0.9504, -0.9719, 0.9973, -0.8769, 0.9993, 0.9903, -0.8959, 0.9948, -0.9802, 0.9964, 0.987, -0.8679, -0.9165, 0.9959, 0.9806, 0.8711]
m497  +++$+++  [-0.9719, 0.9845, 0.9147, 0.9539, 0.973, -0.976, -0.9611, -0.9854, -0.9794, 0.9611, -0.9448, 0.8858, -0.9485, 0.6926, 0.7948, -0.9514]
m197  +++$+++  [-0.6889, 0.9634, 0.9882, -0.8985, -0.923, -0.8922, 0.8948, -0.6936, -0.4443, -0.9552, -0.7596, -0.9901, -0.9456, -0.9532, -0.9814, 0.9484]
m595  +++$+++  [-0.7064, -0.9491, -0.9464, -0.6472, 0.8137, -0.994, 0.9203, -0.9942, 0.9837, 0.9929, -0.9871, -0.9687, 0.9952, -0.9894, -0.9243, 0.9763]
m28  +++$+++  [0.9576, 0.9833, 0.9921, 0.9944, 0.9736, 0.957, 0.9739, 0.8723, 0.9933, 0.9778, 0.9964, 0.9986, 0.9695, 0.9933, -0.9798, 0.9982]
m560  +++$+++  [-0.9729, -0.9529, -0.9498, -0.7052, 0.5013, -0.9814, -0.9859, -0.788, -0.9956, 0.917, 0.5994, 0.8201, 0.942, -0.9652, -0.9656, -0.9812]
m106  +++$+++  [0.9438, -0.4451, 0.9787, -0.5774, 0.9645, -0.9924, -0.9969, 0.9709, -0.998, -0.995, 0.9886, -0.9935, 0.9989, 0.9619, -0.9151, -0.9621]
m365  +++$+++  [-0.6495, 0.945, -0.7346, -0.6359, -0.9574, -0.7382, -0.9335, -0.9352, -0.9154, -0.9813, -0.8344, 0.9079, 0.8053, -0.9278, 0.927, 0.9035]
m400  +++$+++  [0.9817, -0.8411, 0.4691, 0.9879, -0.9749, 0.9573, 0.6131, 0.9811, 0.9696, 0.2624, -0.8914, -0.9223, -0.9779, -0.9102, -0.5979, 0.9523]
m319  +++$+++  [-0.9239, -0.3313, 0.9209, -0.8188, -0.6214, -0.9704, -0.928, -0.8917, 0.7924, -0.8284, -0.9554, -0.9167, 0.6994, -0.8992, -0.4696, 0.9184]
m420  +++$+++  [-0.893, 0.9924, -0.9846, 0.9574, -0.9478, -0.6588, 0.6935, 0.8912, 0.7853, 0.9608, -0.5283, 0.8669, -0.9907, 0.9585, 0.7765, -0.8249]
m242  +++$+++  [-0.8089, 0.8744, 0.7177, 0.9815, 0.7315, 0.8054, 0.8985, 0.9519, 0.6088, 0.952, 0.9054, -0.7969, -0.8978, -0.5576, -0.8344, 0.7226]
m413  +++$+++  [0.9145, 0.981, -0.949, 0.994, -0.8719, -0.8736, -0.653, -0.992, -0.8863, -0.7737, 0.8366, 0.6568, 0.9922, 0.8792, 0.9473, -0.2778]
m508  +++$+++  [0.9697, -0.8873, -0.4218, 0.9731, -0.9042, 0.5536, -0.9714, -0.9927, -0.6695, -0.9897, -0.9899, -0.9552, 0.2455, 0.9045, -0.99, 0.6575]
m563  +++$+++  [0.9846, -0.7306, -0.9392, 0.9851, 0.99, 0.8053, -0.9822, 0.9518, 0.8681, -0.8365, 0.9082, -0.922, 0.9336, -0.7326, -0.967, -0.94]
m498  +++$+++  [0.9354, 0.9874, 0.9138, 0.9882, 0.9896, 0.9187, 0.9488, 0.9554, 0.9904, 0.7998, 0.9198, 0.9721, 0.694, 0.9982, 0.9797, 0.9728]
m109  +++$+++  [0.9968, 0.8506, 0.988, 0.9921, 0.9792, 0.9975, 0.9938, 0.9839, 0.9943, 0.9688, 0.9969, 0.9944, 0.9954, 0.9616, 0.9985, 0.9864]
m422  +++$+++  [0.9746, 0.9352, 0.4704, -0.531, 0.3521, -0.8456, -0.9763, -0.6273, 0.6008, 0.9744, 0.4156, -0.7862, -0.9813, 0.6269, 0.9745, -0.9757]
m350  +++$+++  [-0.4696, -0.7094, 0.4926, 0.8102, 0.933, -0.7605, -0.8338, -0.9718, -0.6381, -0.3049, -0.7403, -0.4707, 0.8993, 0.6654, -0.8852, -0.6742]
m232  +++$+++  [-0.8729, 0.8556, -0.9601, -0.9337, 0.8807, 0.8987, -0.9801, 0.9146, 0.9785, 0.9441, -0.6734, 0.6434, 0.7387, 0.8597, -0.7549, -0.8312]
m562  +++$+++  [0.5362, 0.9687, 0.9813, 0.7612, -0.964, -0.2807, -0.5661, 0.9698, 0.9488, 0.9815, 0.6789, 0.4456, 0.9856, 0.9632, -0.814, 0.9923]
m234  +++$+++  [0.7069, 0.9583, -0.8206, 0.9357, 0.9604, 0.9299, -0.9724, 0.9767, -0.9848, -0.8068, 0.5252, 0.9909, 0.7855, 0.9807, -0.5137, -0.9959]
m426  +++$+++  [-0.3837, -0.9706, -0.6441, 0.9619, 0.9923, 0.9813, -0.9268, 0.6632, 0.9, -0.9921, -0.9325, -0.657, -0.9837, -0.9821, 0.967, 0.6756]
m212  +++$+++  [-0.955, 0.9679, 0.9482, 0.9708, 0.9888, 0.952, -0.3989, 0.9698, -0.8245, -0.5621, -0.2853, 0.8546, 0.9702, 0.6407, -0.8273, -0.5515]
m286  +++$+++  [0.9446, 0.9866, -0.7841, 0.9444, 0.9799, -0.8513, 0.9853, 0.9208, 0.9549, 0.6117, 0.9826, 0.6611, 0.9879, 0.9713, 0.9785, 0.9489]
m570  +++$+++  [-0.5947, -0.9578, -0.6122, -0.966, 0.9933, -0.9787, -0.9938, -0.6433, -0.9428, -0.8026, -0.9954, -0.996, 0.9858, -0.9588, -0.656, 0.5608]
m201  +++$+++  [0.9453, 0.9309, -0.9972, -0.9894, 0.8854, 0.6229, -0.9973, -0.9931, -0.9958, -0.8916, -0.998, -0.9684, -0.3779, -0.9886, -0.9767, -0.5743]
m554  +++$+++  [-0.9717, 0.8836, -0.9687, 0.9535, -0.9617, 0.6652, 0.9722, 0.7281, 0.9703, -0.9774, -0.8951, -0.8441, -0.4932, -0.9926, -0.8831, -0.8784]
m51  +++$+++  [0.7956, 0.9602, 0.731, 0.5629, 0.9858, -0.5275, -0.9095, 0.9302, 0.9883, 0.9363, 0.9106, 0.9253, 0.9818, 0.8955, 0.5677, 0.9063]
m165  +++$+++  [-0.9778, 0.9508, 0.9943, -0.9919, 0.9893, 0.9891, 0.9464, -0.8943, -0.733, 0.9861, -0.9949, -0.9037, 0.9964, -0.9538, 0.6181, 0.9647]
m20  +++$+++  [-0.9223, 0.9904, 0.9668, 0.9163, 0.985, -0.8353, 0.9679, -0.9634, 0.9282, -0.9826, 0.9518, 0.9933, -0.5826, -0.7698, 0.8745, -0.911]
m477  +++$+++  [0.9669, -0.9562, 0.9737, 0.7775, 0.4178, 0.8894, -0.889, 0.9393, -0.9615, 0.9851, -0.9497, -0.7106, 0.6823, -0.9364, -0.9075, -0.9644]
m466  +++$+++  [0.9533, 0.9867, 0.7804, 0.5799, -0.9197, -0.364, -0.8944, 0.8458, 0.9561, 0.8141, 0.8777, -0.8455, 0.7896, 0.967, 0.6012, 0.9924]
m425  +++$+++  [0.959, 0.9631, 0.9091, -0.8972, 0.9319, 0.9763, 0.9542, 0.9939, 0.9614, 0.9171, 0.9581, 0.5803, 0.9401, 0.8923, 0.9731, 0.885]
m213  +++$+++  [-0.8413, -0.8771, -0.9827, -0.3746, -0.9063, -0.973, -0.4133, -0.9255, -0.643, -0.9227, -0.7599, -0.9804, -0.9882, -0.9865, -0.7601, 0.8496]
m87  +++$+++  [-0.7772, 0.9765, 0.963, -0.9794, 0.981, 0.7651, 0.7569, 0.6313, 0.9752, 0.4882, -0.899, -0.3239, 0.8037, 0.8353, -0.9689, -0.9941]
m509  +++$+++  [0.5261, -0.734, 0.9316, -0.8985, 0.7569, 0.968, 0.8968, 0.9278, 0.956, -0.8912, -0.5705, 0.9648, -0.9084, -0.8093, -0.8617, 0.8131]
m176  +++$+++  [0.8875, -0.6907, 0.9324, 0.4926, -0.432, -0.8544, -0.6169, 0.9422, 0.9081, 0.9809, 0.9451, 0.9912, 0.7685, -0.5898, 0.9783, 0.9878]
m183  +++$+++  [-0.9812, 0.9268, -0.9873, -0.5362, -0.9576, -0.9402, 0.8548, 0.8165, 0.6303, 0.5259, 0.9269, -0.9571, 0.9214, 0.6229, -0.9905, -0.9648]
m599  +++$+++  [0.9173, 0.959, 0.9903, 0.8397, 0.9979, 0.9376, 0.9717, 0.9981, 0.9914, 0.9973, 0.9547, 0.9803, -0.8334, -0.9191, 0.9907, -0.7687]
m416  +++$+++  [0.9345, 0.7555, 0.9654, 0.9648, 0.9689, -0.9582, -0.9898, 0.9295, -0.696, 0.926, 0.9698, 0.795, 0.5299, 0.9951, 0.9745, 0.9934]
m123  +++$+++  [0.8125, 0.3995, 0.7147, -0.9886, -0.9804, -0.7605, 0.9709, 0.7367, 0.987, -0.7452, 0.9838, 0.9664, -0.4871, 0.9563, 0.9234, 0.7776]
m513  +++$+++  [0.2707, 0.9983, 0.9977, 0.9865, 0.9929, 0.9593, 0.9325, 0.8917, 0.9788, 0.7946, 0.9737, 0.9906, 0.9921, 0.9841, -0.9899, -0.9891]
m346  +++$+++  [0.5349, -0.9558, -0.8158, 0.8693, 0.9787, -0.5919, -0.9649, -0.9601, -0.4512, 0.6707, -0.8522, -0.9386, 0.9874, -0.5272, -0.9441, 0.9563]
m388  +++$+++  [0.9245, 0.9853, 0.9244, 0.9587, 0.9857, 0.9618, -0.9691, -0.9343, 0.6714, 0.9254, -0.6518, 0.9466, 0.9819, 0.9537, 0.9841, -0.946]
m96  +++$+++  [0.6544, 0.9704, 0.9612, 0.8339, 0.7877, -0.3313, -0.3607, 0.6309, 0.7319, 0.7319, 0.7278, -0.8163, 0.6388, -0.4124, 0.2047, 0.4544]
m57  +++$+++  [0.9878, 0.9441, 0.9927, 0.9493, -0.9417, 0.6555, -0.9566, -0.9657, 0.6825, -0.9347, -0.9942, -0.9331, 0.9717, 0.9238, -0.9897, -0.9941]
m543  +++$+++  [0.9554, 0.9669, 0.9565, 0.2159, 0.5806, -0.6656, 0.6288, 0.842, 0.703, -0.9434, -0.9352, 0.8336, 0.8382, -0.921, 0.9446, 0.9591]
m173  +++$+++  [0.8713, -0.9689, -0.9949, -0.8841, 0.751, 0.9856, 0.9498, 0.5358, -0.8815, -0.7007, -0.9914, -0.6664, -0.5255, -0.7995, -0.9731, -0.8655]
m532  +++$+++  [0.8888, 0.9952, 0.9973, 0.9915, 0.997, 0.7273, 0.9975, 0.969, 0.9884, -0.8454, -0.8799, 0.9889, -0.9613, 0.9839, -0.9761, 0.9422]
m464  +++$+++  [0.9894, 0.9974, 0.9836, 0.9816, 0.9434, 0.9777, 0.9904, 0.988, 0.9925, 0.9875, 0.9084, 0.996, 0.9922, -0.4294, 0.9541, 0.9692]
m108  +++$+++  [0.8836, 0.3616, 0.9883, -0.9375, -0.7274, 0.9609, 0.8456, -0.5599, 0.5635, -0.8743, 0.9872, 0.7928, -0.8161, 0.7921, 0.7865, -0.9856]
m121  +++$+++  [0.9682, 0.8004, -0.9902, 0.9485, 0.9585, -0.9407, -0.9523, 0.8026, 0.9453, -0.9564, -0.3937, 0.9478, -0.8305, 0.9549, 0.9976, 0.8929]
m411  +++$+++  [0.6468, 0.9266, 0.9621, 0.9421, 0.9936, -0.9781, -0.7447, 0.9906, 0.8423, -0.9891, 0.9961, -0.9487, 0.9861, 0.6517, 0.9817, 0.8927]
m81  +++$+++  [-0.9007, 0.9361, 0.8198, 0.9344, -0.9282, 0.7654, 0.4137, -0.9347, -0.9614, 0.4486, -0.8725, -0.8813, -0.5514, 0.5828, -0.9446, 0.8194]
m69  +++$+++  [0.9876, -0.8667, 0.9608, -0.9372, 0.9845, 0.7865, 0.9937, -0.9105, 0.581, 0.9697, -0.9703, 0.9924, 0.9461, 0.8339, -0.8418, 0.9091]
m527  +++$+++  [0.587, 0.9819, 0.9511, 0.9201, 0.9549, 0.9316, 0.9867, -0.9136, 0.8698, 0.4715, 0.9618, -0.9352, 0.7776, -0.9894, -0.9832, -0.9467]
m596  +++$+++  [0.9897, 0.8517, 0.7538, 0.9714, 0.9889, 0.8757, -0.9023, -0.7285, -0.8552, -0.8662, 0.7117, 0.9632, -0.9333, 0.933, 0.9174, -0.9635]
m272  +++$+++  [-0.4934, -0.9696, -0.9106, -0.8022, 0.8052, -0.8896, -0.4667, -0.8964, 0.7963, 0.9422, 0.8517, 0.8348, -0.9018, -0.3094, 0.8968, 0.6748]
m505  +++$+++  [-0.9916, -0.9906, -0.594, 0.4423, -0.9768, -0.9948, 0.9761, -0.9772, 0.9869, -0.7987, -0.9514, -0.8824, -0.966, -0.9629, -0.6805, -0.9497]
m324  +++$+++  [0.9146, 0.8055, 0.4376, 0.4966, -0.9797, 0.6319, -0.5055, -0.8351, -0.9952, -0.986, -0.9931, -0.7212, 0.9758, 0.9909, -0.6419, -0.9781]
m592  +++$+++  [-0.9933, 0.3609, 0.733, 0.7967, 0.892, 0.9224, -0.9975, -0.9891, 0.277, 0.8835, -0.807, -0.9942, -0.8388, -0.9763, -0.9873, -0.9834]
m432  +++$+++  [0.9559, 0.9889, -0.6192, 0.7804, 0.9843, -0.8006, 0.8549, -0.9888, 0.9831, 0.9864, 0.9175, 0.946, -0.6148, -0.9582, -0.7254, 0.8579]
m421  +++$+++  [0.8871, -0.6524, 0.9834, -0.6868, -0.8221, -0.9217, 0.8504, -0.5272, -0.8681, -0.9231, -0.9919, -0.9639, 0.8329, -0.4563, -0.8944, -0.7447]
m279  +++$+++  [0.8045, 0.793, -0.9218, 0.9964, 0.9849, 0.9762, 0.9972, 0.9715, 0.7823, 0.8807, 0.9924, 0.9484, 0.9892, 0.7071, 0.9512, 0.9452]
m507  +++$+++  [-0.8753, 0.9935, -0.9035, -0.915, -0.9646, 0.9668, -0.9958, -0.9966, 0.906, -0.9784, -0.9799, 0.7893, -0.8586, 0.5853, -0.9633, -0.9979]
m379  +++$+++  [0.9713, 0.6535, -0.7679, -0.9218, -0.9078, -0.8867, 0.747, -0.9674, -0.8584, -0.7089, 0.9199, -0.9257, -0.8286, -0.2575, 0.9275, -0.822]
