m156  +++$+++  [-0.9448, 0.884, 0.9779, 0.6713, 0.9712, -0.7643, 0.9667, -0.9967, -0.9751, 0.9459, -0.9984, -0.9864]
m505  +++$+++  [-0.995, -0.9907, 0.7149, -0.9971, -0.8807, 0.9535, 0.9874, -0.9902, -0.8936, -0.9897, 0.8153, -0.9864]
m181  +++$+++  [0.9525, 0.3931, 0.8977, 0.994, 0.9636, 0.9872, 0.9976, 0.9962, 0.9975, 0.9973, -0.8627, 0.94]
m103  +++$+++  [0.9969, 0.9851, 0.995, 0.9979, 0.9823, 0.9972, 0.8121, 0.985, 0.9959, 0.9965, 0.9983, 0.9985]
m86  +++$+++  [-0.9892, -0.9193, 0.5274, -0.9263, -0.9722, 0.3616, 0.4291, 0.6935, -0.9162, 0.9916, -0.5485, -0.735]
m125  +++$+++  [-0.3295, 0.9562, -0.8804, 0.9514, 0.9935, 0.943, -0.9616, -0.7923, 0.956, 0.799, 0.8303, -0.8242]
m55  +++$+++  [0.9614, 0.9869, 0.9919, 0.9948, -0.9726, 0.9945, 0.9958, 0.9991, 0.9904, 0.997, 0.9992, 0.9951]
m350  +++$+++  [-0.8962, 0.7372, 0.852, 0.9607, -0.9091, -0.9755, -0.6381, 0.5718, -0.8849, 0.9499, -0.8353, -0.8288]
m194  +++$+++  [0.9957, 0.9581, -0.9265, 0.9817, 0.9859, 0.9761, -0.7655, 0.9922, 0.9322, 0.9828, 0.9937, 0.971]
m530  +++$+++  [0.9799, 0.8339, 0.9984, 0.9218, 0.9971, 0.9835, 0.9887, 0.8419, 0.529, -0.9596, -0.9916, 0.8878]
m11  +++$+++  [0.4976, 0.7033, 0.9436, 0.9013, -0.9065, 0.93, 0.8326, -0.9392, 0.3946, -0.9133, 0.8778, -0.9554]
m423  +++$+++  [-0.9623, -0.9529, -0.7762, -0.9715, 0.9692, -0.9427, 0.9854, 0.9703, -0.7392, 0.9474, 0.9753, 0.9328]
m242  +++$+++  [-0.6223, 0.8969, 0.9818, 0.8319, 0.9053, 0.9585, 0.5679, 0.9536, -0.7621, 0.9423, -0.9777, 0.8062]
m446  +++$+++  [0.9945, 0.9898, 0.9939, 0.9077, 0.9414, 0.9651, 0.9656, 0.9404, 0.997, 0.4069, 0.9956, 0.7903]
m188  +++$+++  [-0.9113, 0.6382, 0.9848, -0.9099, -0.9774, -0.8947, 0.9799, 0.5938, 0.9287, 0.9806, -0.7606, -0.5417]
m417  +++$+++  [-0.8351, 0.9862, -0.9825, -0.9433, -0.8294, -0.9903, 0.9866, 0.89, 0.9111, 0.9773, 0.996, -0.9672]
m610  +++$+++  [0.9885, -0.9694, -0.9908, -0.9417, 0.9946, -0.9741, 0.9621, 0.9881, 0.8559, 0.9868, 0.989, 0.9234]
m517  +++$+++  [0.9836, 0.9871, -0.8646, 0.8281, -0.8076, -0.8221, -0.936, -0.6967, 0.9746, -0.724, -0.9321, -0.9433]
m560  +++$+++  [-0.9889, -0.9812, -0.4707, -0.9384, -0.9392, -0.9891, -0.9938, 0.9371, 0.3185, 0.7673, -0.9939, -0.9812]
m223  +++$+++  [-0.9316, -0.9907, -0.9407, 0.8597, -0.9937, -0.969, -0.9769, -0.9708, 0.9749, 0.8571, -0.9922, 0.7951]
m39  +++$+++  [-0.3669, -0.8963, -0.9835, -0.9824, -0.9623, -0.8594, -0.9878, -0.9667, -0.7936, -0.9639, 0.9828, 0.9488]
m21  +++$+++  [0.9863, 0.8992, 0.9846, 0.9365, -0.5773, 0.9552, 0.9546, 0.914, -0.8031, 0.9969, 0.8938, 0.9761]
m396  +++$+++  [-0.9464, 0.9826, 0.8984, 0.9621, 0.9937, 0.9198, -0.9237, -0.9686, 0.9734, 0.9546, 0.6024, -0.9976]
m199  +++$+++  [0.7835, -0.8757, -0.9526, 0.9488, 0.9318, 0.9915, 0.9955, -0.9674, 0.9844, -0.8607, 0.7837, 0.9799]
m407  +++$+++  [0.8738, -0.8986, -0.2564, 0.9928, 0.7143, -0.9901, -0.9695, -0.9874, -0.6768, -0.9704, 0.7961, 0.9716]
m410  +++$+++  [-0.9261, 0.82, 0.7559, 0.9814, 0.8942, -0.958, -0.7198, -0.9614, -0.9464, -0.7306, -0.9885, -0.9549]
m506  +++$+++  [0.9407, -0.8227, -0.9883, -0.9918, -0.9276, -0.9981, -0.9988, -0.9961, -0.6775, -0.9658, 0.945, -0.9964]
m380  +++$+++  [0.9993, 0.9993, 0.9988, 0.9989, 0.9969, 0.9934, 0.9889, 0.9109, 0.9975, 0.9822, 0.998, 0.9996]
m490  +++$+++  [0.9783, 0.9178, 0.9817, 0.8288, 0.9886, 0.995, 0.9707, 0.9851, -0.097, 0.9532, 0.3778, 0.9868]
m13  +++$+++  [0.8452, 0.9942, 0.9102, 0.5753, -0.8383, 0.9053, 0.7919, 0.895, 0.92, 0.9721, 0.6467, 0.98]
m371  +++$+++  [-0.9465, 0.34, -0.8243, -0.8099, -0.9885, -0.9224, 0.989, 0.9928, 0.8772, -0.9227, -0.9874, 0.9599]
m6  +++$+++  [0.9968, -0.9936, 0.9967, 0.9494, 0.9953, -0.9558, 0.9898, -0.5472, 0.9961, -0.9837, -0.989, -0.9933]
m19  +++$+++  [-0.946, -0.977, 0.9749, 0.9592, 0.9632, -0.9887, 0.6761, -0.9422, 0.9759, 0.9843, 0.9663, -0.9846]
m349  +++$+++  [0.9861, -0.9746, -0.9899, -0.6137, -0.9688, -0.9322, -0.9438, -0.9336, -0.9037, -0.9617, -0.8876, -0.9921]
m432  +++$+++  [0.9832, -0.6557, 0.9513, 0.9867, -0.8794, -0.9525, 0.9936, 0.9187, 0.97, -0.9736, -0.9711, 0.9506]
m540  +++$+++  [0.33, 0.9441, -0.4377, 0.9818, 0.8778, 0.9953, 0.2769, 0.9659, 0.9821, 0.8052, -0.9397, -0.6483]
m271  +++$+++  [0.6473, -0.9275, 0.6507, -0.9751, -0.6716, -0.9076, -0.696, 0.7724, 0.9746, -0.9589, -0.9789, -0.9713]
m274  +++$+++  [0.8066, 0.9673, 0.8488, -0.7389, -0.8863, -0.5192, -0.925, -0.805, 0.8711, -0.3649, -0.9196, 0.8798]
m430  +++$+++  [-0.901, -0.6523, -0.9726, -0.6613, 0.7014, -0.7513, -0.9873, 0.9346, -0.9715, -0.8937, -0.9028, -0.985]
m202  +++$+++  [-0.8586, 0.9936, 0.9964, 0.9853, 0.9878, 0.8372, 0.9386, 0.9823, -0.9397, -0.6485, 0.9992, 0.9786]
m66  +++$+++  [0.5117, -0.4866, -0.9725, -0.852, 0.9914, 0.9796, -0.9453, -0.6882, -0.9468, -0.9222, -0.5163, 0.9683]
m105  +++$+++  [-0.9914, -0.99, -0.9976, 0.9905, 0.899, -0.8015, 0.9976, -0.9855, 0.9896, 0.7256, -0.7713, 0.9649]
m466  +++$+++  [0.9809, 0.8762, 0.6143, -0.923, -0.9099, 0.8611, 0.9589, 0.9731, -0.9098, 0.9433, 0.7128, 0.9938]
m362  +++$+++  [-0.4571, 0.9481, -0.3022, -0.6065, 0.8677, 0.9303, -0.5727, 0.3296, -0.9367, -0.795, -0.959, 0.9696]
m542  +++$+++  [-0.7934, 0.9806, -0.8388, 0.9871, 0.9124, 0.9639, 0.8571, 0.9969, 0.9457, -0.7212, -0.6106, 0.9856]
m353  +++$+++  [0.9805, 0.9457, 0.961, 0.9003, -0.8992, 0.9772, 0.6863, 0.9936, 0.984, 0.9786, 0.9955, 0.989]
m275  +++$+++  [0.994, 0.8653, 0.9728, 0.9985, 0.9925, 0.9913, 0.9976, 0.9982, 0.576, 0.9827, 0.9837, 0.9486]
m33  +++$+++  [0.9707, -0.4605, -0.8677, 0.8945, -0.9825, -0.9226, -0.8318, -0.8625, -0.9215, 0.6322, -0.9469, 0.9233]
m302  +++$+++  [0.863, 0.9413, -0.9613, -0.9405, -0.9918, 0.8727, 0.8592, -0.8866, -0.9458, -0.9375, -0.9964, -0.979]
m282  +++$+++  [0.959, 0.9865, 0.9048, -0.9787, 0.9533, 0.9743, -0.9967, 0.9154, 0.995, -0.8074, -0.9795, -0.9797]
m184  +++$+++  [-0.8293, 0.9812, 0.6718, 0.953, 0.7075, -0.8985, 0.7099, 0.6269, 0.955, 0.4519, -0.9357, -0.8499]
m96  +++$+++  [0.8793, 0.9772, 0.954, 0.8574, -0.6483, 0.8965, 0.6767, 0.6474, 0.5291, 0.8565, -0.3417, 0.4863]
m132  +++$+++  [0.8251, 0.8503, 0.9915, 0.9984, 0.6586, 0.9953, 0.9942, 0.9891, 0.9825, 0.9968, 0.6542, -0.8957]
m110  +++$+++  [0.9948, -0.915, -0.7476, 0.9781, -0.6261, -0.9366, -0.994, -0.7776, -0.8797, -0.9674, -0.9953, -0.8769]
m448  +++$+++  [0.9132, 0.9841, 0.9425, 0.9476, -0.9905, 0.6897, 0.977, 0.9407, -0.9101, 0.9904, 0.9884, 0.5342]
m143  +++$+++  [0.9025, 0.9122, 0.6306, 0.6382, 0.6946, -0.6561, 0.9777, 0.9383, -0.8413, 0.9586, -0.8343, 0.8394]
m91  +++$+++  [-0.9461, 0.9241, 0.9942, -0.9091, 0.376, -0.9571, -0.9581, 0.6049, 0.9712, 0.9252, 0.9733, 0.9689]
m553  +++$+++  [0.9917, 0.94, -0.9505, 0.9653, 0.7936, 0.9737, 0.9844, -0.9604, -0.9794, 0.99, 0.9971, -0.4756]
m70  +++$+++  [0.5853, -0.9853, 0.9425, -0.8957, 0.9912, 0.9202, 0.9975, 0.992, 0.9868, -0.916, -0.7331, -0.9543]
m82  +++$+++  [0.9523, 0.9878, 0.8716, 0.9974, -0.97, 0.9856, -0.9886, 0.9981, 0.98, -0.949, -0.9983, -0.9969]
m212  +++$+++  [-0.9794, 0.99, 0.9778, 0.9952, 0.92, 0.9435, -0.9857, 0.4156, 0.8995, 0.9766, -0.8229, 0.7025]
m567  +++$+++  [-0.8627, 0.9532, -0.5848, 0.8748, 0.9817, 0.9256, 0.9798, -0.7878, 0.9728, 0.9119, -0.9017, 0.8184]
m15  +++$+++  [-0.8696, 0.8155, 0.855, 0.9495, -0.8117, 0.8962, 0.8894, 0.9564, 0.9628, -0.8461, -0.7848, 0.8756]
m319  +++$+++  [-0.9294, 0.6459, -0.934, -0.9297, -0.9824, -0.8919, 0.7864, -0.9634, -0.9432, 0.7383, -0.8875, 0.8777]
m335  +++$+++  [0.9837, 0.9872, -0.8713, 0.8087, 0.9634, 0.988, 0.6526, 0.9384, -0.2951, 0.4865, -0.471, 0.8661]
m415  +++$+++  [-0.8389, 0.985, 0.8199, 0.9752, -0.9275, 0.9737, -0.9698, -0.9781, -0.8622, 0.9555, -0.8643, 0.9842]
m592  +++$+++  [-0.9923, -0.9679, 0.9677, 0.9122, -0.985, -0.9934, 0.7566, 0.5275, -0.9948, -0.9705, -0.9967, -0.9952]
m185  +++$+++  [-0.925, -0.5962, -0.7774, 0.8173, -0.9383, -0.825, 0.6142, -0.8049, 0.9798, 0.9915, 0.9605, 0.9966]
m124  +++$+++  [0.8746, 0.995, 0.9927, 0.9729, 0.9886, 0.9975, 0.964, 0.9977, 0.9943, 0.9958, 0.9674, -0.995]
m214  +++$+++  [0.9128, 0.9953, 0.9934, 0.8719, 0.9816, 0.9788, 0.9949, 0.9907, 0.9822, 0.997, 0.9731, 0.9809]
m434  +++$+++  [0.9913, 0.9712, 0.9219, 0.7562, -0.8766, 0.9963, 0.9866, 0.8757, 0.942, 0.9455, 0.9612, 0.9395]
m112  +++$+++  [0.6955, -0.9609, 0.8829, -0.9867, 0.9892, -0.9457, -0.9924, -0.9903, 0.947, -0.9897, -0.974, -0.9867]
m469  +++$+++  [0.9848, 0.9924, 0.9964, 0.9976, 0.9984, 0.9914, 0.9985, 0.9765, 0.9865, 0.997, 0.9904, 0.9892]
m83  +++$+++  [0.9946, 0.9916, 0.3783, 0.9496, 0.9806, -0.9199, 0.9734, 0.9774, -0.9609, 0.9779, -0.9871, 0.9835]
m289  +++$+++  [0.9982, 0.9996, 0.9965, -0.9705, 0.8043, 0.9986, -0.9741, -0.8275, -0.9973, 0.8411, -0.9357, -0.999]
m201  +++$+++  [0.8033, 0.8232, -0.9978, 0.914, 0.7133, -0.9992, -0.9984, -0.9846, -0.9947, -0.5632, -0.9952, -0.7949]
m34  +++$+++  [-0.9724, 0.9171, 0.986, -0.6412, 0.9346, 0.9391, 0.9743, 0.9663, 0.9918, 0.9871, -0.8945, 0.6475]
m71  +++$+++  [0.4949, 0.7662, 0.9396, -0.4481, -0.6279, 0.9939, -0.9755, -0.9116, 0.9355, -0.7958, -0.9753, -0.9945]
m502  +++$+++  [-0.7537, 0.95, -0.9866, 0.8559, 0.9485, 0.5046, -0.9907, -0.9679, -0.9023, -0.9947, -0.8514, 0.9527]
m224  +++$+++  [0.5258, 0.9114, -0.4952, -0.6662, 0.8199, 0.9956, -0.8707, 0.832, 0.9878, 0.9067, -0.9703, -0.9882]
m518  +++$+++  [0.9982, 0.9338, 0.9972, -0.8839, -0.9835, -0.99, 0.9075, 0.999, 0.9988, 0.9964, 0.9947, 0.9958]
m31  +++$+++  [0.9832, -0.4702, 0.9855, -0.9721, -0.7793, 0.9862, -0.8606, -0.7904, 0.7824, 0.8507, -0.9813, 0.9663]
m457  +++$+++  [0.6924, -0.9617, -0.6645, 0.7036, -0.9169, -0.9951, 0.8983, 0.9796, -0.8815, 0.5805, 0.9867, -0.9827]
m243  +++$+++  [-0.9588, 0.9964, 0.8993, 0.9983, 0.9935, 0.9988, 0.9992, 0.9799, 0.9996, 0.9967, 0.9984, 0.9985]
m322  +++$+++  [0.989, 0.9972, 0.9891, 0.998, 0.9919, 0.996, 0.9705, 0.9891, 0.9989, 0.9975, 0.9931, 0.9857]
m140  +++$+++  [0.998, 0.997, 0.998, 0.9495, 0.998, 0.9982, 0.9985, 0.9986, 0.9894, 0.9992, 0.9926, 0.9991]
m234  +++$+++  [0.9968, -0.9719, 0.9485, 0.9503, -0.6715, 0.4795, -0.9901, 0.9896, 0.9925, -0.3473, 0.8892, -0.9972]
m534  +++$+++  [-0.8941, -0.9776, 0.9868, 0.9906, -0.8736, -0.923, 0.9918, 0.9952, 0.9705, -0.9767, 0.6675, 0.9809]
m3  +++$+++  [0.9979, 0.9963, 0.9598, 0.9866, 0.9738, 0.9759, 0.851, 0.9934, 0.9392, 0.924, 0.9706, -0.9466]
m324  +++$+++  [-0.8217, -0.8778, 0.8105, -0.9781, 0.894, -0.9377, -0.9962, -0.9867, -0.968, 0.9819, 0.9934, -0.9798]
m493  +++$+++  [0.9924, 0.9984, 0.9743, -0.7597, -0.9435, 0.999, 0.8504, 0.9688, -0.9857, 0.9648, 0.6105, 0.9813]
m354  +++$+++  [0.9767, 0.8538, 0.3215, 0.7367, -0.6474, 0.2869, 0.9003, 0.9777, -0.5377, 0.7984, 0.7991, 0.9413]
m538  +++$+++  [0.9105, 0.8812, 0.9731, 0.9759, 0.9496, 0.8439, -0.9468, 0.8757, 0.9869, -0.9067, 0.8852, -0.9916]
m182  +++$+++  [0.4383, 0.9644, -0.7302, -0.6072, 0.9005, 0.917, 0.9108, -0.8217, 0.9625, -0.8339, -0.8892, -0.9762]
m591  +++$+++  [-0.9968, -0.9914, 0.9081, -0.6944, -0.99, -0.9973, -0.9607, -0.991, 0.9919, -0.9885, -0.873, -0.9868]
m76  +++$+++  [0.9968, 0.9663, 0.9871, 0.884, -0.8894, -0.9856, 0.9764, 0.9745, 0.9934, 0.7537, 0.9839, 0.9241]
m209  +++$+++  [-0.5903, 0.9973, 0.9726, 0.7716, 0.893, 0.9955, 0.9059, -0.9105, 0.9818, -0.9874, 0.9911, -0.9716]
m161  +++$+++  [0.9972, 0.9989, 0.9606, 0.9982, 0.9804, 0.9981, 0.999, 0.9963, 0.8715, 0.9982, 0.9937, 0.9935]
m361  +++$+++  [-0.5632, 0.8934, 0.814, -0.6577, 0.7623, 0.3249, -0.8733, -0.9641, 0.9142, -0.7571, -0.8329, 0.948]
m470  +++$+++  [0.8944, 0.372, 0.5803, -0.9504, -0.8903, 0.9133, 0.5606, -0.8211, 0.5207, -0.5109, 0.9527, -0.5127]
m178  +++$+++  [0.9978, 0.9934, 0.9977, 0.9992, 0.993, 0.9992, 0.999, 0.9977, 0.9968, 0.971, 0.9782, -0.9821]
m309  +++$+++  [-0.9686, -0.9533, 0.9802, -0.9057, -0.9398, -0.977, -0.9201, -0.9618, -0.9822, -0.8162, 0.9702, -0.7674]
m87  +++$+++  [0.7882, 0.9831, -0.9773, 0.9847, 0.8991, -0.3896, 0.9805, -0.8435, -0.7614, 0.7365, -0.947, -0.9942]
m442  +++$+++  [0.9118, 0.9538, -0.9647, 0.9326, 0.9673, 0.8421, 0.996, 0.7803, -0.9868, -0.9695, -0.9354, 0.9106]
m120  +++$+++  [0.9462, 0.9833, 0.9717, -0.9902, 0.997, 0.9955, -0.9745, 0.9912, 0.937, 0.9519, -0.99, -0.9985]
m261  +++$+++  [0.9786, 0.6293, -0.9223, 0.988, -0.9755, 0.9313, -0.5612, 0.6869, -0.697, 0.308, -0.9282, -0.9117]
m314  +++$+++  [0.9937, 0.8357, -0.9786, -0.9552, -0.978, 0.8169, -0.996, -0.9968, -0.9891, -0.9975, 0.8817, -0.985]
m330  +++$+++  [0.996, 0.9442, 0.9964, 0.9056, -0.8616, -0.8394, 0.9965, -0.8938, 0.9744, 0.8929, -0.9102, 0.9885]
m421  +++$+++  [0.8896, 0.9266, 0.4408, -0.8313, -0.5439, -0.3189, -0.8647, -0.9856, -0.9918, 0.4986, -0.6994, -0.9005]
m69  +++$+++  [0.9808, -0.8541, 0.898, 0.9956, 0.9882, 0.5224, 0.9521, -0.8245, 0.9911, 0.7284, 0.9363, 0.633]
m395  +++$+++  [0.9911, 0.9914, 0.9878, 0.9267, 0.904, 0.9377, 0.9899, 0.9334, 0.8174, -0.9914, 0.9768, 0.9899]
m117  +++$+++  [0.9417, 0.9934, 0.9954, 0.966, 0.9928, -0.9278, -0.9352, 0.9762, 0.998, 0.9977, -0.9778, -0.8529]
m571  +++$+++  [0.9226, 0.9034, 0.7466, 0.8858, -0.8888, -0.9675, -0.5693, -0.8508, 0.9707, 0.9598, -0.8692, 0.5788]
m296  +++$+++  [0.985, 0.959, 0.9594, -0.9832, 0.9423, 0.97, -0.9443, 0.9938, -0.9845, -0.9655, 0.9942, 0.9782]
m14  +++$+++  [-0.9099, 0.9006, 0.9132, 0.9703, 0.8032, -0.9505, 0.9509, 0.8241, 0.9467, 0.7583, 0.9674, -0.9848]
m80  +++$+++  [-0.8633, 0.628, -0.9157, 0.6653, 0.7433, 0.8099, 0.4469, 0.3328, 0.8611, -0.6347, 0.955, 0.6114]
m265  +++$+++  [0.997, -0.974, 0.9148, 0.9225, 0.9853, -0.8523, -0.7378, -0.982, 0.9565, -0.9956, -0.9513, -0.9384]
m606  +++$+++  [0.9797, -0.9879, -0.9612, -0.987, -0.9982, 0.8866, 0.9726, -0.9442, -0.9319, -0.9945, -0.9309, 0.9175]
m387  +++$+++  [0.9926, 0.9844, 0.908, 0.9929, -0.8842, 0.6971, 0.9189, 0.9949, 0.8951, 0.89, 0.7184, 0.9369]
m68  +++$+++  [0.9864, -0.8994, 0.9969, 0.9777, -0.9972, 0.9427, -0.9721, -0.9807, -0.9934, 0.8372, -0.5866, 0.8755]
m40  +++$+++  [-0.9504, 0.7723, 0.9554, -0.8762, -0.9547, -0.9208, -0.9841, -0.9892, 0.9401, -0.8598, 0.767, -0.9736]
m597  +++$+++  [-0.9915, -0.8947, -0.9823, 0.8143, -0.8572, -0.9893, 0.2998, -0.952, -0.8941, -0.9497, 0.987, -0.959]
m294  +++$+++  [-0.9536, -0.6496, -0.9214, 0.9893, -0.6333, -0.7813, -0.3139, -0.9879, -0.9349, 0.7186, -0.9027, -0.9892]
m405  +++$+++  [-0.9598, 0.99, 0.7721, 0.8562, -0.8028, -0.549, 0.9908, 0.8241, 0.8659, 0.9803, -0.987, -0.9809]
m221  +++$+++  [0.9918, 0.9851, 0.919, -0.9918, -0.9661, -0.9688, 0.9837, -0.9865, -0.9511, -0.8265, -0.7832, -0.96]
m113  +++$+++  [0.9514, 0.9741, 0.7154, 0.9897, -0.9796, 0.9697, 0.9485, 0.9864, -0.9319, 0.9567, -0.9118, 0.8255]
m176  +++$+++  [0.755, 0.5209, 0.8718, -0.4688, -0.7391, 0.8517, 0.8922, 0.9832, 0.9912, 0.8181, -0.4833, 0.9932]
m260  +++$+++  [0.504, -0.5659, 0.9427, 0.9174, -0.9004, 0.9842, 0.9841, -0.9613, 0.7663, 0.9863, -0.4207, -0.9936]
m318  +++$+++  [0.9978, 0.9569, 0.9529, -0.5539, 0.9942, 0.9892, -0.9785, 0.9929, 0.9945, 0.9128, 0.9784, -0.5274]
m111  +++$+++  [0.9374, -0.8953, 0.83, 0.9971, 0.9911, 0.8809, -0.3713, 0.9448, 0.9657, 0.965, -0.9323, 0.9258]
m372  +++$+++  [-0.9724, -0.9022, -0.9202, -0.9788, -0.9953, -0.98, 0.8247, -0.5511, -0.9065, -0.8212, -0.9792, 0.9058]
m10  +++$+++  [-0.9816, -0.8459, -0.9678, -0.9446, -0.994, -0.9941, 0.9932, 0.8855, -0.9785, -0.9744, 0.8977, 0.9733]
m56  +++$+++  [0.9928, 0.961, 0.984, 0.977, 0.8877, 0.9722, 0.8379, 0.974, -0.9674, -0.9954, 0.8039, 0.834]
m277  +++$+++  [-0.8512, -0.9349, 0.4567, 0.9464, -0.8135, 0.9311, 0.5792, 0.8608, -0.948, -0.8946, 0.9506, 0.9358]
m495  +++$+++  [0.9831, -0.9763, -0.9176, 0.9539, -0.8285, 0.9383, 0.9918, 0.9276, -0.9894, -0.9708, 0.9715, -0.9974]
m54  +++$+++  [-0.9972, -0.9909, 0.9859, 0.8497, 0.8871, 0.9614, 0.9814, 0.9501, -0.9124, 0.9123, 0.9243, -0.9839]
m346  +++$+++  [-0.9704, 0.8083, 0.7589, 0.902, -0.8648, -0.9759, -0.7634, 0.9136, -0.9834, 0.9898, -0.9105, 0.9405]
m187  +++$+++  [0.4777, -0.5344, 0.4067, -0.9538, -0.9387, 0.9675, -0.9075, -0.6826, -0.9608, 0.9506, 0.9485, -0.955]
m136  +++$+++  [0.9708, 0.9334, 0.8598, -0.9788, 0.9706, 0.9811, -0.8714, -0.9475, -0.9897, -0.9265, -0.6154, -0.9847]
m1  +++$+++  [0.9483, 0.9548, 0.9035, 0.6259, -0.5784, 0.647, -0.5032, 0.8731, -0.9363, -0.9375, 0.9894, -0.669]
m369  +++$+++  [0.9936, 0.9202, 0.9981, -0.9351, 0.8131, 0.9938, 0.6796, 0.9867, -0.9726, 0.9974, 0.8759, 0.9919]
m46  +++$+++  [0.9861, 0.7302, 0.3991, 0.9539, 0.9219, 0.6675, -0.9658, -0.982, 0.9283, -0.8556, 0.9777, 0.9598]
m522  +++$+++  [0.9307, -0.9884, 0.9359, 0.9857, 0.9884, 0.9301, 0.9991, 0.9961, 0.9832, 0.9993, 0.9876, 0.5242]
m454  +++$+++  [-0.4894, -0.9866, -0.9849, 0.7232, 0.953, -0.9878, 0.9413, -0.9811, 0.9643, 0.9505, 0.957, -0.6918]
m439  +++$+++  [-0.9668, -0.7065, -0.7176, -0.8361, -0.5543, -0.9172, 0.987, -0.9793, -0.9797, -0.9642, -0.9903, -0.9777]
m59  +++$+++  [0.9944, 0.9957, 0.987, 0.9864, 0.4345, 0.9951, 0.9906, -0.5804, 0.9858, 0.9495, 0.9837, 0.9907]
m485  +++$+++  [0.9959, 0.9511, 0.9404, 0.9846, 0.9922, 0.9845, 0.9636, 0.9923, 0.9483, -0.9631, -0.8766, -0.728]
m52  +++$+++  [0.9824, 0.9974, -0.571, -0.8812, -0.8706, -0.9566, 0.9008, 0.961, -0.8583, 0.7601, -0.9953, -0.9644]
m238  +++$+++  [0.9888, 0.9987, 0.9993, 0.9971, 0.9993, 0.9981, 0.9668, 0.9944, 0.9849, 0.9996, 0.9988, 0.9956]
m30  +++$+++  [0.9071, 0.9828, 0.8111, 0.9473, -0.638, 0.9783, 0.9717, 0.9918, 0.9516, 0.8229, 0.991, 0.9952]
m8  +++$+++  [0.6754, 0.8841, 0.8617, -0.9253, -0.985, -0.9323, -0.9312, 0.5136, 0.9088, 0.5414, -0.9862, 0.6842]
m276  +++$+++  [-0.4297, 0.9472, 0.9986, 0.9936, 0.9982, 0.9932, 0.9975, 0.8649, -0.5511, -0.9798, 0.9967, 0.9777]
m99  +++$+++  [0.6721, -0.9656, 0.783, 0.9385, -0.6708, 0.9859, -0.8823, -0.9918, -0.8645, -0.9017, 0.8901, 0.9542]
m477  +++$+++  [0.938, -0.6916, 0.8658, -0.7676, 0.9323, 0.8791, 0.7996, 0.9318, -0.9713, 0.5452, -0.8683, -0.9824]
m413  +++$+++  [0.975, 0.897, 0.9941, 0.8299, -0.9587, -0.9935, -0.7642, 0.9777, 0.8952, 0.9962, -0.8115, 0.9164]
m293  +++$+++  [0.9952, 0.9984, 0.9886, -0.9591, -0.9735, -0.8555, 0.9932, 0.9879, 0.9819, -0.5533, 0.9925, -0.8784]
m241  +++$+++  [-0.9837, 0.5654, 0.9415, 0.8798, -0.815, -0.9561, -0.983, -0.9877, 0.8982, -0.987, -0.9915, -0.9526]
m342  +++$+++  [0.9396, 0.9924, 0.5719, 0.9518, 0.9972, 0.994, 0.9994, 0.9954, 0.9957, 0.997, -0.9917, 0.9818]
m216  +++$+++  [-0.9513, 0.9714, -0.9795, 0.9783, 0.9842, 0.8938, 0.976, -0.9892, -0.9871, 0.9652, -0.9421, -0.9548]
m589  +++$+++  [-0.9322, 0.9969, -0.9928, -0.9907, -0.9968, 0.9911, 0.9969, 0.9869, -0.995, 0.9974, -0.9968, -0.9927]
m431  +++$+++  [0.9631, -0.9678, 0.9216, 0.9951, 0.6687, 0.9366, -0.9858, -0.9661, -0.9124, 0.9973, -0.8758, 0.5501]
m536  +++$+++  [-0.662, -0.991, -0.9302, -0.7449, -0.9905, 0.9924, -0.6662, 0.5579, -0.9815, -0.9962, 0.9551, 0.5417]
m141  +++$+++  [0.9857, -0.9686, 0.9221, 0.9595, 0.9927, 0.9857, 0.8312, 0.9948, 0.964, -0.9457, 0.9817, 0.939]
m557  +++$+++  [-0.9022, 0.9451, 0.7902, -0.7824, -0.6642, -0.405, 0.9247, 0.8741, 0.3866, 0.9422, -0.9547, 0.9849]
m613  +++$+++  [-0.8714, -0.2589, 0.8403, -0.9607, -0.7809, -0.7766, 0.9221, -0.9603, 0.9349, -0.9155, -0.299, 0.8329]
m123  +++$+++  [0.8752, 0.7502, -0.9861, -0.9842, -0.278, 0.9793, 0.9902, 0.9806, 0.9383, 0.782, 0.8859, 0.9758]
m548  +++$+++  [-0.5994, 0.9961, 0.9834, 0.9314, 0.9873, 0.9949, 0.9971, 0.9894, 0.9793, 0.6708, 0.9955, 0.7927]
m376  +++$+++  [0.9858, 0.9897, 0.9474, -0.8327, 0.9946, 0.9969, 0.9921, 0.9979, 0.9955, 0.9966, 0.9562, 0.9922]
m497  +++$+++  [-0.9596, 0.9743, 0.9581, 0.9821, -0.9965, -0.9828, -0.9618, -0.7893, 0.7926, 0.8842, 0.6451, -0.964]
m579  +++$+++  [0.9848, 0.9925, 0.9627, 0.9382, 0.9846, -0.9684, -0.9503, -0.8701, -0.934, 0.951, 0.6639, 0.9679]
m468  +++$+++  [-0.4844, -0.7996, 0.6731, 0.9067, 0.9489, 0.9858, -0.8353, 0.7309, 0.9264, -0.9845, 0.5052, 0.9147]
m344  +++$+++  [0.9859, 0.9419, 0.9824, 0.9896, 0.9937, 0.9915, 0.9952, 0.9737, 0.9912, 0.9934, 0.9765, 0.9846]
m313  +++$+++  [0.9864, 0.9455, 0.9971, 0.5812, 0.9931, 0.9883, 0.9769, 0.9957, 0.9981, 0.9842, -0.6865, 0.9819]
m552  +++$+++  [0.3211, -0.9437, 0.8559, 0.9942, 0.9834, 0.994, -0.9418, 0.9925, 0.5803, 0.8467, 0.9543, -0.9842]
m270  +++$+++  [0.0, 0.0, -0.3818, -0.1027, 0.0, 0.0, 0.3182, 0.6361, -0.3818, 0.0, 0.0, 0.0]
m609  +++$+++  [-0.5334, 0.8778, -0.7631, 0.9396, -0.9611, -0.5264, 0.8112, 0.9662, 0.8673, 0.8787, -0.9714, -0.978]
m186  +++$+++  [0.6901, -0.9501, -0.9687, 0.9537, -0.9962, -0.9322, 0.9684, -0.9318, -0.6113, 0.4188, -0.993, -0.9645]
m529  +++$+++  [0.4671, 0.8942, -0.8723, 0.6056, 0.9274, -0.9724, -0.7787, 0.8932, -0.464, -0.9098, 0.9277, 0.9955]
m27  +++$+++  [-0.9654, -0.9878, 0.9957, -0.9911, 0.9829, 0.9948, 0.9867, 0.9979, 0.9918, 0.8738, 0.9966, -0.9294]
m604  +++$+++  [0.8917, 0.9893, -0.8592, -0.8522, -0.373, -0.9632, -0.9411, -0.9436, 0.6425, 0.9754, -0.798, -0.9805]
m146  +++$+++  [0.9889, 0.9581, 0.496, 0.9916, 0.9347, -0.8354, -0.9234, -0.2458, 0.9756, -0.9212, -0.544, -0.9386]
m504  +++$+++  [0.9771, 0.9496, 0.9842, 0.9438, -0.9581, 0.9762, -0.9875, -0.9723, 0.9569, 0.9383, 0.7292, 0.9512]
m233  +++$+++  [0.9839, 0.9969, 0.8649, 0.9776, 0.9675, 0.9323, 0.9128, 0.9956, 0.9939, 0.9882, 0.9966, 0.9896]
m259  +++$+++  [0.9736, 0.9301, 0.6489, -0.5067, 0.9599, 0.9481, -0.9763, 0.9011, -0.8978, 0.9755, -0.9285, -0.9796]
m145  +++$+++  [-0.6106, 0.9911, 0.9863, -0.9755, -0.6659, -0.9786, 0.8942, 0.9392, -0.9771, 0.9754, -0.9757, -0.9456]
m138  +++$+++  [0.6659, -0.7149, 0.7991, 0.8957, 0.4055, 0.4497, 0.2342, 0.9685, 0.6167, -0.7979, 0.917, 0.9717]
m165  +++$+++  [-0.9302, 0.9938, -0.9895, 0.9955, -0.8269, -0.5291, 0.9524, -0.3863, -0.9533, 0.9952, -0.9388, 0.9419]
m503  +++$+++  [0.9975, 0.9978, 0.9982, 0.9983, 0.9934, 0.99, 0.997, 0.9575, 0.9035, 0.9779, -0.3634, 0.995]
m180  +++$+++  [0.9966, 0.846, 0.8913, -0.7144, 0.4152, 0.9687, 0.5736, 0.9964, 0.7498, 0.8766, 0.9636, 0.947]
m100  +++$+++  [0.9946, -0.9685, 0.9699, -0.9048, 0.9761, 0.9863, 0.9621, 0.9768, 0.9881, 0.9173, 0.9653, 0.9878]
m278  +++$+++  [-0.7747, -0.9864, 0.987, 0.9926, -0.9852, -0.9744, -0.987, 0.9942, 0.9829, 0.9488, -0.9839, -0.9981]
m374  +++$+++  [0.9969, 0.8417, -0.9931, -0.7594, 0.9754, 0.9827, 0.6512, 0.922, 0.9757, 0.9838, -0.9086, 0.9412]
m200  +++$+++  [0.9876, 0.9877, 0.559, -0.9684, -0.9128, -0.8667, -0.9882, 0.9879, 0.8913, -0.9697, -0.9538, 0.9926]
m414  +++$+++  [0.8594, 0.9547, 0.9132, -0.7208, 0.9264, -0.6812, -0.6139, 0.9781, -0.8602, 0.9058, -0.6734, -0.9585]
m546  +++$+++  [0.9975, 0.9772, 0.9956, 0.9637, -0.9829, 0.9981, 0.9841, 0.993, 0.9931, 0.7999, 0.9103, -0.6673]
m459  +++$+++  [0.7738, -0.9258, 0.8503, 0.6266, 0.665, 0.5994, 0.738, 0.0, -0.4912, -0.8506, 0.7502, 0.6312]
m535  +++$+++  [0.3572, 0.7072, 0.5293, 0.7729, -0.8759, -0.9368, -0.9608, 0.8011, -0.9519, 0.6572, -0.3716, 0.9419]
m133  +++$+++  [0.4837, 0.9589, -0.9174, 0.9311, -0.6754, -0.9874, 0.9737, 0.9882, -0.9185, -0.5475, 0.9238, -0.5466]
m245  +++$+++  [0.9426, 0.9926, -0.9055, 0.8665, -0.8781, 0.9554, 0.9765, 0.9887, -0.9724, -0.8935, -0.7092, 0.9168]
m460  +++$+++  [0.9679, -0.9645, 0.461, -0.9669, 0.8292, -0.9102, 0.7671, -0.8918, -0.8074, -0.9607, -0.9779, -0.9527]
m42  +++$+++  [0.9878, 0.999, 0.9982, 0.9905, 0.9934, -0.8116, 0.9985, 0.9982, 0.9979, -0.9467, 0.9983, 0.9957]
m297  +++$+++  [0.5653, 0.9807, -0.9488, 0.9265, 0.8545, 0.9752, 0.8729, 0.8751, -0.7433, 0.8762, -0.9105, -0.9581]
m101  +++$+++  [0.9957, 0.9895, 0.7752, 0.6567, -0.7191, -0.9247, 0.9732, 0.9714, -0.9907, -0.9228, 0.908, -0.9842]
m107  +++$+++  [-0.9794, -0.4698, 0.9823, -0.9695, -0.9646, -0.9952, -0.9669, 0.8942, -0.5956, -0.9964, -0.7551, 0.9893]
m564  +++$+++  [0.9703, 0.9971, 0.9418, -0.9457, 0.7084, 0.9925, -0.9722, -0.9779, -0.997, -0.9921, -0.9988, -0.9972]
m135  +++$+++  [-0.8996, 0.7527, 0.8326, 0.8806, 0.4124, 0.8541, 0.2961, -0.9601, 0.338, 0.7599, -0.9064, -0.7231]
m266  +++$+++  [0.9908, 0.9983, 0.9995, 0.9989, 0.9986, 0.9995, 0.9993, 0.9995, 0.9995, 0.9994, 0.9992, 0.9991]
m605  +++$+++  [0.9961, 0.9746, 0.9889, 0.9916, 0.9688, 0.9986, 0.9945, 0.9781, 0.9946, 0.9877, 0.9953, 0.9975]
m18  +++$+++  [0.967, 0.9942, 0.961, 0.9952, 0.9924, 0.9896, -0.9665, -0.6802, 0.8824, 0.9953, 0.9886, 0.9935]
m172  +++$+++  [0.9837, 0.9929, -0.7708, 0.9966, 0.9962, 0.9951, 0.9831, -0.9646, -0.6375, 0.9823, 0.9692, 0.9952]
m252  +++$+++  [0.9783, 0.9647, 0.9114, -0.7077, 0.986, 0.9667, 0.988, 0.9164, 0.9926, 0.9847, -0.9589, 0.9797]
m428  +++$+++  [-0.997, -0.9932, 0.9774, 0.9957, 0.9979, -0.6542, -0.9729, -0.9996, 0.9974, -0.9873, 0.9928, 0.9664]
m244  +++$+++  [0.9978, 0.9994, 0.9819, 0.998, 0.965, 0.9982, 0.9933, 0.9966, 0.945, 0.9808, -0.908, 0.9978]
m482  +++$+++  [0.8645, -0.8909, 0.7543, 0.963, -0.9812, -0.9607, -0.532, -0.9493, -0.8755, -0.9376, 0.6072, 0.8775]
m416  +++$+++  [0.9798, -0.9508, 0.9801, 0.8964, -0.988, 0.9587, -0.925, 0.9842, 0.9025, 0.9774, 0.8678, 0.9965]
m26  +++$+++  [-0.9802, -0.9872, -0.4081, -0.9628, -0.5484, -0.7409, -0.9319, 0.9541, -0.4991, -0.9704, -0.9208, -0.8077]
m303  +++$+++  [0.9329, -0.986, -0.9267, 0.9588, -0.9652, -0.9243, -0.9785, 0.9943, 0.9529, -0.9913, -0.9768, 0.8723]
m586  +++$+++  [-0.9996, 0.9946, 0.9682, 0.9986, 0.9958, 0.9949, -0.9941, -0.9941, 0.9968, -0.9803, 0.9812, 0.9782]
m299  +++$+++  [0.9967, -0.9834, -0.9948, -0.7859, -0.9894, -0.9978, 0.9583, 0.9499, 0.9967, -0.9955, -0.9961, -0.9978]
m507  +++$+++  [0.8863, 0.9923, -0.9882, -0.9757, -0.9873, -0.9975, 0.952, -0.9898, -0.6887, -0.8837, -0.9683, -0.998]
m406  +++$+++  [0.8591, 0.7652, 0.7003, 0.6705, 0.0, -0.0516, 0.6705, -0.7236, 0.5994, -0.5226, 0.5719, 0.4357]
m532  +++$+++  [0.9504, 0.9979, 0.9923, 0.9971, 0.9859, 0.9795, 0.9962, -0.9782, 0.9927, -0.7672, -0.5523, 0.9547]
m198  +++$+++  [0.9959, 0.9807, 0.9869, 0.9895, 0.9912, -0.6267, 0.991, 0.6264, 0.9108, -0.8483, -0.9448, 0.9365]
m486  +++$+++  [0.4329, 0.0, 0.0, 0.1877, -0.2023, -0.3612, -0.25, -0.0176, 0.6709, 0.7613, 0.831, 0.168]
m253  +++$+++  [-0.7646, 0.9802, -0.9663, -0.8323, 0.8293, 0.8904, 0.9845, 0.9286, 0.9759, -0.8746, 0.9832, 0.9173]
m550  +++$+++  [0.9897, 0.9923, 0.9905, 0.9265, 0.9498, 0.8759, -0.9695, 0.5994, 0.9816, 0.9006, -0.9948, 0.9905]
m332  +++$+++  [-0.5687, 0.9908, -0.9946, -0.8732, 0.9826, 0.9682, -0.8422, -0.9794, 0.9893, -0.9634, -0.9982, -0.9711]
m435  +++$+++  [0.9985, 0.9985, 0.982, 0.9977, 0.9991, 0.9952, 0.9988, 0.9967, 0.992, 0.9984, 0.9981, 0.9989]
m255  +++$+++  [0.3289, -0.9587, -0.9695, 0.647, 0.8416, 0.914, 0.6137, 0.6779, -0.9094, -0.6566, -0.8563, -0.9925]
m394  +++$+++  [0.3726, -0.8319, 0.9714, 0.804, 0.8465, -0.9495, -0.3412, -0.9887, 0.9812, -0.9584, -0.9799, -0.8746]
m514  +++$+++  [0.9943, 0.3705, 0.8759, 0.9963, 0.998, 0.9939, 0.9952, 0.8675, 0.9963, 0.9939, 0.9649, 0.926]
m102  +++$+++  [0.8994, 0.9834, -0.9817, 0.983, -0.9231, 0.9975, 0.9967, 0.995, 0.9943, 0.9901, 0.9298, -0.8907]
m456  +++$+++  [-0.9511, 0.2387, -0.3818, -0.8662, 0.722, -0.7527, -0.3535, -0.7236, -0.8834, -0.7964, 0.6884, 0.4215]
m607  +++$+++  [0.9887, 0.8352, 0.9563, 0.7963, 0.9963, 0.9904, -0.6734, 0.9299, 0.9766, -0.678, -0.888, 0.9381]
m217  +++$+++  [0.9775, 0.9712, -0.7172, 0.9785, 0.9894, 0.9977, -0.9594, 0.9808, -0.7994, -0.9034, 0.9887, 0.7883]
m465  +++$+++  [0.5878, 0.9948, 0.9946, 0.9686, 0.9962, 0.9628, 0.9828, 0.9933, 0.9964, 0.9886, 0.9892, 0.9688]
m545  +++$+++  [0.7572, 0.9931, 0.7563, -0.9401, 0.9759, -0.9799, 0.9772, 0.9838, 0.9605, -0.9705, 0.9817, 0.9897]
m166  +++$+++  [0.7153, -0.5673, 0.9664, -0.9937, 0.9953, -0.9876, 0.7032, 0.9512, 0.7262, -0.9991, -0.9951, 0.9933]
m256  +++$+++  [0.9968, 0.9638, 0.9605, 0.9815, 0.981, 0.5944, 0.8287, -0.7437, 0.9741, 0.9983, 0.992, -0.9496]
m583  +++$+++  [0.8282, 0.9818, 0.9876, -0.4941, 0.9755, 0.9136, -0.9929, -0.8976, 0.8825, 0.7599, 0.9041, -0.962]
m95  +++$+++  [0.8243, 0.8243, 0.5204, -0.5122, 0.9056, 0.6767, -0.2462, 0.5586, -0.8105, 0.8645, -0.2247, 0.743]
m463  +++$+++  [0.9956, 0.9078, 0.6219, 0.9293, 0.9877, 0.9842, 0.9201, 0.9892, -0.9466, 0.9926, -0.97, -0.9315]
m94  +++$+++  [0.9939, 0.9062, 0.9792, 0.3549, 0.9947, 0.9894, 0.9956, 0.9981, 0.9972, 0.9851, 0.9643, 0.9944]
m79  +++$+++  [0.8989, 0.9877, 0.9547, 0.9774, 0.9928, 0.9796, -0.9406, 0.993, 0.9916, 0.9709, 0.9952, -0.8929]
m401  +++$+++  [-0.9627, -0.9064, 0.9897, 0.5759, -0.9908, -0.934, 0.9763, 0.9453, -0.9686, -0.9803, -0.5135, 0.7564]
m285  +++$+++  [-0.6611, 0.9966, 0.9375, 0.9978, 0.9965, 0.9992, 0.9802, 0.9952, 0.9676, 0.9975, 0.9917, 0.9949]
m500  +++$+++  [-0.7733, -0.5983, -0.6305, -0.8752, 0.922, -0.8182, 0.9946, -0.4667, -0.9891, 0.8912, 0.8574, -0.7954]
m89  +++$+++  [-0.9381, 0.9954, -0.5401, 0.9479, -0.9408, -0.808, 0.9607, -0.9826, -0.9172, 0.8495, 0.4128, -0.9636]
m600  +++$+++  [-0.8819, 0.9832, 0.7268, 0.4934, 0.9325, -0.9246, -0.8656, 0.9666, -0.2807, 0.5747, 0.9519, 0.8364]
m533  +++$+++  [-0.9819, 0.9721, 0.8623, -0.7957, 0.9861, 0.996, -0.5945, -0.9856, -0.9502, 0.9359, 0.9923, 0.9729]
m472  +++$+++  [-0.9897, 0.9622, 0.9791, 0.944, -0.9807, -0.5773, -0.9711, -0.9843, -0.9654, -0.8388, -0.643, -0.9382]
m63  +++$+++  [-0.5986, 0.9934, 0.9912, 0.9892, 0.9675, -0.989, -0.9769, 0.9224, -0.993, 0.9794, 0.9778, 0.897]
m211  +++$+++  [0.9688, 0.9822, 0.99, -0.9901, 0.9954, 0.9841, -0.9803, 0.968, 0.9902, 0.9917, 0.9959, -0.943]
m334  +++$+++  [0.9959, 0.966, 0.7798, 0.9983, 0.5248, 0.9795, 0.9932, 0.9923, 0.5848, 0.9901, -0.9878, -0.9732]
m358  +++$+++  [0.6559, 0.9637, -0.9301, 0.7881, -0.9146, -0.9225, -0.7824, 0.9963, -0.9857, -0.9895, -0.9933, -0.9917]
m574  +++$+++  [0.9068, 0.9911, 0.7544, 0.982, -0.735, 0.9954, 0.9602, 0.7698, 0.9141, -0.9303, 0.9595, 0.9408]
m308  +++$+++  [0.9975, 0.9832, 0.9468, 0.9835, 0.986, 0.9791, 0.9894, 0.993, 0.9944, 0.9961, 0.9958, 0.9977]
m307  +++$+++  [0.9367, -0.8098, -0.9034, 0.5383, -0.9831, 0.9556, 0.9131, -0.7754, 0.9107, 0.533, -0.8662, 0.6767]
m425  +++$+++  [0.959, 0.8723, -0.8409, 0.9728, 0.9954, 0.991, 0.9777, 0.9609, 0.6632, 0.8671, 0.9846, 0.9254]
m190  +++$+++  [-0.8863, -0.9648, 0.9825, 0.9785, 0.825, 0.9287, 0.9556, 0.8981, -0.9566, -0.8972, -0.965, 0.938]
m116  +++$+++  [0.4572, 0.7416, -0.4632, 0.9915, 0.9418, -0.5234, 0.9688, 0.982, 0.9479, 0.9673, 0.9115, 0.9747]
m424  +++$+++  [-0.955, -0.9776, 0.9361, 0.755, -0.9619, -0.7843, -0.986, -0.8561, 0.9549, -0.9935, 0.9637, -0.9708]
m419  +++$+++  [0.9905, 0.9791, 0.9501, 0.9524, 0.9735, 0.9852, -0.96, 0.5926, 0.6167, -0.9789, -0.987, 0.9959]
m288  +++$+++  [0.9022, 0.967, 0.9854, -0.8221, 0.908, 0.9608, 0.9918, -0.7092, -0.5147, -0.9465, -0.5826, 0.9936]
m614  +++$+++  [-0.8504, -0.5782, 0.9473, 0.5942, 0.8708, 0.7816, -0.7916, -0.7224, 0.5126, 0.8541, 0.8679, 0.2635]
m93  +++$+++  [0.9982, 0.9957, 0.9989, 0.9968, 0.9773, 0.999, 0.9969, 0.9986, 0.982, 0.9952, -0.9783, 0.9963]
m213  +++$+++  [-0.789, -0.9859, -0.8461, -0.9068, -0.9438, -0.8646, -0.8506, -0.9567, -0.9701, -0.9899, -0.8964, -0.8372]
m220  +++$+++  [0.7583, 0.9958, 0.959, 0.6735, -0.7385, -0.9962, -0.9863, 0.9976, 0.9949, 0.9796, 0.9706, -0.8396]
m494  +++$+++  [0.988, -0.6886, -0.9423, -0.9867, -0.9893, 0.6749, -0.7393, 0.9956, 0.8682, 0.9253, 0.9869, -0.999]
m409  +++$+++  [0.9797, 0.9898, 0.9473, -0.7767, 0.6131, 0.9477, 0.9592, -0.5191, 0.9731, 0.9587, 0.2761, 0.9845]
m474  +++$+++  [-0.9946, -0.9965, -0.9117, -0.993, -0.9965, -0.9124, -0.9903, -0.993, -0.9941, 0.9701, -0.6744, -0.9334]
m16  +++$+++  [0.9974, 0.9994, 0.9984, 0.9988, 0.9836, 0.998, 0.9923, -0.9881, 0.9992, 0.8438, 0.9994, 0.9909]
m62  +++$+++  [0.9962, 0.9812, 0.9984, 0.5406, -0.4816, -0.9687, -0.9936, 0.9772, 0.9377, 0.9629, 0.992, 0.9722]
m157  +++$+++  [0.872, 0.9412, -0.8853, -0.9917, 0.9953, 0.7737, -0.9075, 0.9926, -0.28, 0.9224, -0.9634, -0.8547]
m251  +++$+++  [-0.8998, 0.9973, 0.9816, -0.6863, 0.9934, 0.9927, 0.97, 0.9971, 0.9818, 0.9513, 0.9876, 0.9969]
m47  +++$+++  [0.6645, 0.783, -0.1431, 0.9081, -0.4467, -0.7367, 0.8286, -0.4857, 0.9437, -0.8047, -0.5502, 0.8629]
m173  +++$+++  [0.9458, -0.9977, -0.9934, 0.963, 0.9047, 0.8794, -0.9705, -0.9801, -0.9771, -0.9291, -0.9849, -0.7243]
m612  +++$+++  [-0.978, -0.9602, 0.9261, -0.9771, -0.8455, 0.97, -0.8306, -0.8178, -0.9845, -0.9862, 0.9083, -0.8754]
m569  +++$+++  [0.9794, 0.9951, 0.9847, 0.8181, 0.982, 0.9921, 0.9781, -0.8257, -0.7551, 0.9776, -0.8945, -0.9954]
m229  +++$+++  [-0.9892, -0.9242, -0.9627, 0.7965, -0.8595, 0.9941, 0.9713, 0.9969, -0.9494, 0.9748, 0.9936, 0.975]
m51  +++$+++  [0.9551, 0.8586, 0.6832, 0.9928, -0.9234, 0.9112, 0.9935, -0.7634, 0.9528, 0.9904, 0.5139, 0.9606]
m35  +++$+++  [0.995, 0.9963, -0.5416, 0.9982, 0.9963, 0.9934, 0.999, 0.9958, 0.9943, 0.9925, 0.9972, 0.9834]
m312  +++$+++  [0.9983, 0.8817, -0.9961, 0.9949, 0.989, 0.9953, 0.9397, 0.9553, 0.593, 0.9491, 0.9961, -0.953]
m203  +++$+++  [0.9194, -0.5211, 0.9902, -0.8321, 0.7928, 0.9165, -0.504, -0.9929, 0.9911, 0.9823, 0.9967, 0.9762]
m440  +++$+++  [0.8594, 0.9424, -0.7651, -0.9341, 0.8412, -0.7458, 0.7306, -0.9294, -0.869, -0.8652, -0.9424, -0.881]
m218  +++$+++  [0.5635, 0.8681, -0.3156, -0.9835, -0.8424, 0.8823, -0.8475, 0.5888, -0.4007, 0.9885, -0.4023, 0.9178]
m119  +++$+++  [-0.6873, 0.9959, 0.7934, -0.9898, 0.6473, -0.9554, -0.7955, 0.9817, 0.9817, 0.9823, -0.9905, 0.9932]
m400  +++$+++  [0.9765, 0.7309, 0.9864, -0.8093, 0.9153, 0.9754, 0.974, -0.6369, -0.9803, -0.991, -0.9629, 0.9862]
m226  +++$+++  [0.9796, 0.9086, 0.9065, 0.9673, 0.8529, 0.9104, 0.9453, -0.8845, 0.9227, -0.6928, 0.8452, -0.8618]
m565  +++$+++  [0.9953, 0.9979, 0.996, 0.9938, 0.5282, 0.8599, 0.9935, 0.9755, 0.9941, 0.9882, -0.9959, 0.9894]
m449  +++$+++  [-0.9081, 0.9882, 0.9463, 0.9893, 0.9951, -0.9379, -0.8653, -0.9856, 0.9419, -0.9707, -0.9747, 0.9265]
m581  +++$+++  [0.996, -0.9947, 0.9323, 0.9864, 0.9973, 0.8269, 0.9849, 0.984, 0.9933, -0.9825, 0.863, -0.7105]
m367  +++$+++  [0.9922, -0.9384, 0.88, 0.9536, 0.6929, 0.9675, -0.9822, -0.6884, -0.9877, 0.5802, 0.953, -0.9247]
m72  +++$+++  [-0.5597, 0.6106, 0.9971, 0.9993, -0.994, 0.9989, 0.5795, 0.9893, 0.9033, -0.4942, 0.9937, 0.8654]
m397  +++$+++  [0.9844, 0.9457, 0.9168, 0.9812, -0.9639, 0.916, 0.9301, 0.7321, 0.9433, 0.9886, 0.9964, 0.9961]
m528  +++$+++  [-0.8089, -0.7255, 0.997, -0.9554, -0.8449, 0.9311, 0.8312, -0.7186, -0.8867, -0.9658, -0.9921, -0.9968]
m326  +++$+++  [0.7665, 0.9515, -0.8699, -0.7923, 0.8652, -0.9093, 0.9574, -0.9937, 0.9908, 0.5027, -0.9926, -0.8528]
m108  +++$+++  [0.9187, 0.9791, 0.5602, -0.9647, 0.9896, -0.6815, -0.7651, 0.9216, 0.9696, -0.6393, 0.9537, -0.9902]
m227  +++$+++  [-0.6997, -0.8375, 0.9606, 0.9698, -0.9328, 0.9124, -0.9083, -0.8997, -0.9195, 0.4295, -0.6049, 0.9404]
m122  +++$+++  [0.9577, -0.9605, 0.6432, -0.4426, -0.9784, 0.8835, -0.9529, 0.9518, 0.9192, -0.3358, -0.9176, 0.9728]
m149  +++$+++  [0.9995, 0.9993, 0.9996, 0.9992, 0.9985, 0.9952, 0.9991, 0.9995, 0.9988, 0.999, 0.9986, 0.9984]
m481  +++$+++  [0.9072, -0.7176, 0.9119, -0.9495, 0.9977, 0.9929, 0.9838, 0.9906, 0.9865, 0.9263, 0.6958, -0.9749]
m41  +++$+++  [0.9854, -0.8652, -0.9771, -0.8762, -0.9438, -0.9765, 0.9796, -0.9821, 0.8858, -0.9922, -0.6582, 0.8701]
m197  +++$+++  [0.9256, 0.9891, -0.6639, -0.9822, 0.9493, -0.662, -0.9447, -0.9723, -0.9896, -0.9497, -0.9764, 0.8822]
m43  +++$+++  [-0.842, -0.875, 0.9945, 0.9389, -0.9928, 0.866, 0.9183, -0.7196, -0.8702, 0.98, -0.4143, 0.9823]
m306  +++$+++  [-0.9939, 0.6401, -0.9718, -0.5096, -0.9224, 0.7768, -0.9843, -0.9537, 0.9808, -0.9911, -0.9986, 0.9648]
m248  +++$+++  [0.881, -0.4348, -0.929, -0.7982, -0.9706, -0.9877, -0.8184, -0.992, -0.9814, -0.9401, -0.9887, -0.9945]
m210  +++$+++  [0.8823, 0.9539, -0.6918, -0.764, -0.9916, -0.9563, -0.9726, -0.5568, -0.655, -0.969, -0.9871, -0.9817]
m98  +++$+++  [0.9943, 0.8271, 0.9765, -0.9936, 0.9067, 0.9863, 0.9579, 0.9631, -0.8801, 0.9758, 0.8634, 0.9914]
m114  +++$+++  [0.9368, 0.8572, 0.8862, -0.5602, -0.889, 0.9916, -0.5221, 0.9538, 0.9736, 0.675, -0.9524, 0.9634]
m58  +++$+++  [0.8607, 0.977, 0.9858, 0.8725, 0.9959, -0.6041, 0.9704, -0.6621, 0.919, 0.8107, 0.9509, 0.5805]
m257  +++$+++  [-0.7926, 0.9175, -0.9907, -0.9763, -0.9683, -0.9895, 0.9009, -0.9875, -0.5583, -0.9303, -0.9891, -0.991]
m339  +++$+++  [-0.7577, 0.7452, -0.7399, 0.4802, -0.789, -0.9706, -0.9465, -0.5641, -0.9443, 0.5261, 0.8418, 0.286]
m118  +++$+++  [0.9366, -0.9893, 0.9969, -0.986, 0.9862, 0.9967, 0.9767, 0.9851, 0.9893, 0.9959, -0.9698, 0.9983]
m558  +++$+++  [0.725, 0.9904, 0.9975, -0.8285, -0.9797, -0.5184, 0.9803, 0.2787, 0.9864, 0.9856, 0.9286, 0.9848]
m480  +++$+++  [-0.8814, 0.9269, -0.7874, -0.9295, 0.9937, -0.7218, -0.7958, -0.9492, 0.9883, 0.7433, 0.9734, -0.9727]
m544  +++$+++  [0.8269, 0.9719, 0.9705, -0.9851, 0.9856, 0.9372, 0.9943, -0.9652, 0.963, 0.9694, 0.5764, -0.989]
m207  +++$+++  [-0.836, 0.9808, 0.9836, 0.9923, 0.9731, 0.5378, 0.9978, 0.9738, 0.976, 0.9949, 0.9719, 0.927]
m408  +++$+++  [-0.774, 0.9953, 0.9814, 0.9918, 0.857, -0.8908, 0.9959, 0.9987, 0.9974, 0.4947, 0.9908, 0.9984]
m359  +++$+++  [0.9465, -0.8455, -0.8496, -0.8113, 0.9749, -0.874, 0.5614, -0.6189, 0.2577, -0.9235, 0.8357, 0.6149]
m249  +++$+++  [0.876, -0.9849, 0.9951, 0.9716, 0.8296, -0.7947, 0.9959, 0.971, 0.9392, 0.961, 0.9989, 0.9891]
m363  +++$+++  [0.6593, 0.9168, -0.9857, 0.8356, 0.9879, -0.8729, -0.9153, 0.7624, 0.8927, 0.9882, 0.9876, 0.4721]
m576  +++$+++  [0.912, 0.9792, 0.95, 0.9905, 0.9703, 0.991, 0.9748, 0.9126, -0.9922, -0.9636, 0.9823, 0.6921]
m163  +++$+++  [0.9977, 0.9989, 0.8725, 0.9967, 0.9803, 0.9915, 0.996, 0.9918, 0.9882, 0.8378, 0.9989, -0.9982]
m492  +++$+++  [0.8944, 0.9671, 0.3341, 0.9872, -0.8427, 0.8867, 0.9616, 0.943, -0.9799, -0.7808, -0.8288, 0.982]
m92  +++$+++  [0.9711, 0.9837, -0.5148, 0.5469, 0.9412, -0.9802, 0.9874, 0.9715, -0.9876, -0.9949, 0.9784, 0.9983]
m231  +++$+++  [0.9911, -0.706, 0.8322, 0.6863, 0.9334, 0.9199, -0.9819, 0.9435, -0.9485, -0.5035, 0.988, -0.6301]
m524  +++$+++  [0.9755, 0.9429, 0.9566, -0.9743, -0.9662, 0.954, 0.8629, 0.9304, -0.6478, -0.7425, -0.8564, 0.9965]
m64  +++$+++  [0.8378, 0.9498, 0.8184, 0.7279, -0.9234, 0.9301, -0.7813, 0.8857, 0.8662, 0.9745, -0.8721, 0.7189]
m264  +++$+++  [-0.749, 0.9198, -0.4126, 0.3907, 0.9276, -0.9489, -0.9652, 0.8691, -0.9328, -0.5205, -0.9851, -0.6499]
m286  +++$+++  [0.9636, 0.9859, 0.9821, 0.9742, 0.989, 0.9692, 0.9527, 0.8509, 0.9803, 0.9914, 0.9859, 0.9598]
m323  +++$+++  [0.9273, 0.971, -0.772, -0.9836, -0.5208, 0.4135, -0.7764, 0.9439, -0.9839, 0.9757, 0.7698, 0.5165]
m531  +++$+++  [0.9554, 0.9583, 0.7452, 0.9292, -0.5975, -0.7018, 0.6954, 0.9503, -0.8337, 0.8105, 0.982, 0.639]
m106  +++$+++  [0.9691, 0.9199, -0.7677, 0.8823, -0.9941, 0.8997, -0.9983, -0.9928, -0.9936, 0.9987, 0.9402, -0.9719]
m347  +++$+++  [0.9959, 0.9809, 0.991, 0.9952, -0.775, 0.9912, 0.9751, 0.7073, 0.9945, -0.6616, 0.8223, 0.9818]
m420  +++$+++  [-0.851, 0.9836, -0.9565, -0.9169, -0.7473, 0.8661, 0.5417, 0.9865, 0.7038, -0.9894, -0.5551, 0.4842]
m566  +++$+++  [-0.8425, 0.9943, -0.8238, 0.9852, -0.7774, 0.9391, -0.916, 0.9958, 0.9397, 0.7337, -0.9711, 0.959]
m389  +++$+++  [-0.9922, 0.8767, -0.9867, 0.9817, -0.9803, -0.819, 0.6957, -0.9765, -0.9192, -0.9657, -0.6883, -0.9853]
m273  +++$+++  [0.8259, -0.9641, 0.3069, -0.9854, -0.9814, -0.9291, -0.9736, -0.9611, -0.9792, -0.9654, -0.9533, -0.9786]
m577  +++$+++  [0.9874, 0.8972, 0.9884, 0.9925, 0.9408, -0.9841, 0.9552, 0.944, 0.9732, -0.7221, -0.7262, -0.9298]
m284  +++$+++  [-0.9802, -0.9918, -0.9932, -0.9889, 0.2874, 0.9315, -0.7807, -0.8381, -0.9948, 0.8683, -0.9898, -0.9938]
m582  +++$+++  [0.9135, 0.8879, 0.9085, 0.991, 0.9923, -0.9332, 0.9447, -0.8356, 0.4403, -0.9956, 0.8071, -0.8771]
m17  +++$+++  [0.9031, 0.4937, -0.916, 0.6707, -0.5346, 0.9811, -0.8373, -0.9296, -0.9361, -0.9912, -0.9977, -0.9976]
m483  +++$+++  [0.5583, 0.747, -0.5367, -0.7757, 0.533, 0.8197, 0.8942, 0.9232, 0.6739, 0.6236, 0.4696, 0.8337]
m450  +++$+++  [0.6929, 0.9607, 0.9981, 0.9515, 0.9968, 0.9959, 0.992, 0.9721, 0.9928, 0.9963, 0.9961, 0.9959]
m345  +++$+++  [0.8607, 0.977, 0.9858, 0.9035, 0.9934, 0.8194, 0.9491, -0.7595, 0.9257, 0.7659, 0.9254, -0.7679]
m593  +++$+++  [-0.9866, -0.9821, 0.9317, 0.7141, 0.967, 0.8972, 0.9851, 0.8134, 0.9259, 0.4633, 0.9657, 0.9791]
m38  +++$+++  [0.6646, -0.8606, -0.9531, -0.8744, -0.8576, -0.711, 0.9862, 0.9428, 0.9787, 0.9782, 0.9906, -0.9796]
m426  +++$+++  [0.7223, -0.9513, 0.9815, 0.9964, -0.9121, 0.8749, 0.9818, -0.9833, -0.7667, -0.9883, -0.9414, 0.8717]
m206  +++$+++  [0.593, -0.4682, -0.9371, 0.8834, 0.3076, 0.2732, 0.3769, -0.4857, -0.8575, -0.347, -0.5661, 0.8872]
m49  +++$+++  [0.7672, -0.986, 0.9919, -0.8045, -0.9441, -0.5843, -0.9954, 0.5148, 0.9949, 0.9926, -0.906, -0.7627]
m144  +++$+++  [0.9919, 0.9918, 0.9989, 0.9887, 0.4215, 0.9984, 0.9915, 0.9996, -0.9473, 0.9386, 0.9873, 0.8682]
m390  +++$+++  [0.985, -0.8154, 0.9551, -0.9652, -0.9536, 0.9492, -0.8898, 0.9565, 0.9766, 0.7004, -0.9326, 0.868]
m67  +++$+++  [0.7502, 0.7175, -0.9542, 0.7811, 0.9771, 0.9386, 0.9828, -0.9575, 0.9757, 0.5767, 0.893, 0.8971]
m404  +++$+++  [0.6162, -0.9187, 0.981, -0.9674, 0.9307, 0.9873, -0.9586, 0.946, 0.939, 0.9665, 0.9666, -0.6616]
m20  +++$+++  [0.9703, 0.9975, 0.9893, 0.6423, 0.6776, 0.9889, 0.9082, 0.8414, 0.9952, 0.9771, -0.9824, -0.8845]
m137  +++$+++  [0.9797, 0.9918, 0.9825, -0.9876, 0.7522, -0.7651, -0.996, 0.9508, 0.9772, 0.989, 0.9431, -0.6783]
m523  +++$+++  [0.9957, 0.9751, 0.8217, 0.9601, -0.9617, 0.9364, -0.9564, -0.836, 0.5035, -0.7985, -0.96, 0.93]
m585  +++$+++  [0.9543, 0.9437, 0.9766, 0.9783, -0.5874, 0.9779, -0.4398, 0.9642, 0.9943, -0.964, 0.9868, 0.8843]
m590  +++$+++  [0.7771, -0.959, -0.469, -0.9785, 0.908, 0.9203, -0.6433, -0.9361, -0.2725, -0.9438, -0.9069, 0.951]
m48  +++$+++  [0.9742, 0.9509, 0.6816, 0.2616, 0.9298, 0.9503, 0.9919, 0.9585, -0.5844, 0.9858, 0.9694, -0.609]
m65  +++$+++  [-0.9888, 0.9077, 0.8865, -0.9949, 0.5198, 0.7113, -0.8375, -0.5573, 0.991, 0.8976, -0.9754, -0.9933]
m258  +++$+++  [0.9408, 0.9278, 0.5753, -0.5894, -0.505, 0.988, 0.9906, 0.9844, 0.994, 0.7004, 0.8718, 0.937]
m179  +++$+++  [-0.3838, -0.9467, 0.7956, -0.5215, -0.2984, 0.5605, 0.9549, -0.9425, -0.5134, -0.9547, 0.7847, 0.8438]
m291  +++$+++  [-0.7737, 0.9459, -0.6958, 0.9818, -0.9261, 0.9422, 0.896, -0.9915, 0.7859, -0.9841, 0.9737, 0.9843]
m25  +++$+++  [-0.9667, 0.9435, -0.9711, 0.9947, 0.7466, -0.9357, -0.9939, -0.9883, -0.9853, -0.9243, -0.7123, -0.9947]
m368  +++$+++  [-0.9968, 0.9718, 0.6796, -0.947, -0.9617, -0.9778, -0.999, 0.8906, 0.922, -0.9482, -0.7348, 0.9668]
m230  +++$+++  [0.9965, 0.9887, 0.9867, 0.9097, -0.9611, 0.9917, -0.9262, -0.961, 0.9925, 0.9372, -0.9717, 0.9872]
m364  +++$+++  [-0.5349, 0.9762, -0.7353, 0.9793, -0.9639, -0.3421, -0.9768, 0.9803, 0.9663, -0.9838, -0.9858, -0.9673]
m321  +++$+++  [-0.8677, -0.9769, -0.9726, -0.9116, -0.972, 0.9178, 0.9438, -0.799, -0.5371, 0.9524, -0.9711, -0.9419]
m488  +++$+++  [0.9605, 0.9505, 0.9864, 0.5385, 0.9145, -0.6652, 0.9215, 0.9797, 0.9776, -0.5305, -0.7044, 0.9523]
m561  +++$+++  [0.8369, 0.9956, 0.9873, 0.9972, 0.9947, 0.9817, 0.9889, -0.9367, 0.8611, -0.9198, 0.9749, 0.5471]
m298  +++$+++  [0.9689, 0.996, 0.747, 0.9932, 0.9914, 0.9907, -0.9834, 0.9939, 0.9725, 0.9925, 0.9966, 0.7264]
m366  +++$+++  [0.9517, 0.9888, 0.9346, -0.738, -0.5725, -0.9294, 0.9447, 0.5643, -0.5594, 0.9546, 0.9496, 0.7672]
m436  +++$+++  [0.6477, 0.8937, 0.5138, 0.9865, 0.6266, -0.7288, -0.9387, -0.9833, 0.8196, -0.9756, -0.656, -0.9906]
m498  +++$+++  [0.9428, 0.992, 0.9898, 0.976, 0.9947, 0.8475, 0.9952, 0.8479, 0.9843, 0.9166, 0.9982, 0.9761]
m441  +++$+++  [0.9817, 0.9877, 0.9788, 0.9584, 0.99, 0.9863, 0.992, 0.6271, 0.995, 0.9772, 0.8777, 0.9973]
m325  +++$+++  [0.891, -0.5949, 0.9397, -0.6873, -0.9646, -0.9547, -0.7438, 0.9492, -0.9449, -0.9936, -0.8842, -0.983]
m331  +++$+++  [0.9921, -0.6474, 0.9987, 0.9853, 0.9274, 0.9824, 0.8657, 0.9949, 0.9937, 0.8043, 0.9524, 0.9945]
m81  +++$+++  [-0.8453, 0.9366, 0.9514, -0.9594, 0.6698, -0.898, -0.9688, -0.5627, -0.9351, -0.8332, -0.4728, -0.4456]
m115  +++$+++  [0.9844, 0.9919, 0.922, 0.7701, 0.6908, -0.6943, 0.3754, 0.9502, 0.9001, 0.8519, 0.9375, 0.9913]
m478  +++$+++  [0.2153, 0.9463, 0.8061, 0.9203, -0.7536, -0.9074, -0.7059, 0.504, -0.6329, -0.3991, -0.8821, -0.9069]
m208  +++$+++  [0.9894, 0.9973, 0.9125, 0.9418, 0.9901, 0.9293, 0.9948, 0.9895, 0.984, -0.9846, -0.723, -0.6818]
m280  +++$+++  [0.9028, -0.7767, 0.519, 0.7965, 0.472, -0.9139, -0.8902, 0.9815, 0.9632, -0.9952, 0.9804, 0.7366]
m541  +++$+++  [0.9937, 0.9771, 0.9729, 0.9725, -0.8478, 0.9502, 0.8483, -0.9906, 0.9936, 0.9758, 0.9845, 0.991]
m515  +++$+++  [0.943, -0.8779, 0.9512, 0.8387, 0.9776, 0.9824, -0.5897, 0.9287, -0.7588, 0.749, 0.8509, -0.7681]
m370  +++$+++  [0.9955, 0.8981, 0.998, 0.9873, 0.968, -0.949, 0.9946, 0.9962, 0.99, 0.9911, 0.9718, -0.5735]
m44  +++$+++  [0.9028, -0.9897, 0.9904, 0.9851, 0.995, 0.9907, -0.7307, 0.9589, 0.9965, 0.9606, 0.8719, -0.9784]
m373  +++$+++  [-0.9964, 0.9364, 0.9992, 0.9678, 0.9965, -0.9206, 0.9914, 0.9956, -0.8401, 0.9915, 0.6179, 0.9946]
m341  +++$+++  [0.9955, 0.9947, -0.8412, -0.9456, -0.7982, -0.6712, -0.9795, 0.9957, 0.9358, -0.6304, -0.9923, -0.9831]
m447  +++$+++  [0.8827, 0.5178, 0.9234, 0.8167, 0.7865, -0.8036, -0.7476, 0.89, -0.5379, 0.918, -0.9253, -0.5223]
m315  +++$+++  [0.965, 0.8271, -0.7229, 0.466, -0.3236, 0.778, 0.8689, -0.3228, 0.8183, 0.7941, -0.5279, 0.6402]
m4  +++$+++  [-0.7882, 0.5938, -0.9953, -0.9878, 0.5145, -0.9211, -0.8375, -0.9671, -0.9823, 0.969, 0.9499, 0.991]
m228  +++$+++  [0.7074, 0.9884, -0.9906, 0.9912, 0.9594, 0.8451, -0.847, -0.9798, -0.6309, -0.9637, 0.981, 0.9454]
m438  +++$+++  [0.9558, -0.9542, 0.8627, -0.9573, -0.8974, 0.9209, -0.9347, 0.6093, -0.8858, -0.7759, 0.6421, -0.9776]
m599  +++$+++  [0.8952, 0.9934, 0.9633, 0.9983, -0.9101, 0.999, 0.9967, 0.996, 0.9696, -0.9872, 0.936, 0.9425]
m355  +++$+++  [0.8891, -0.5346, 0.9825, 0.9819, 0.9742, 0.4934, 0.9917, -0.9419, 0.9942, 0.9931, 0.9857, 0.8058]
m338  +++$+++  [-0.2748, 0.8153, 0.829, -0.6908, -0.836, -0.7319, 0.5142, -0.8519, 0.5267, 0.0, -0.7383, 0.4939]
m471  +++$+++  [0.9909, 0.9839, 0.9785, -0.9516, 0.9789, -0.656, 0.9444, 0.9207, -0.9797, 0.9922, 0.8008, 0.9962]
m142  +++$+++  [-0.8749, 0.8926, -0.9759, 0.9738, 0.9847, -0.9631, 0.987, -0.9935, -0.9653, -0.7464, -0.9236, -0.9558]
m365  +++$+++  [-0.8162, 0.3302, -0.5706, -0.9595, -0.9858, -0.9113, -0.9494, -0.9737, 0.7802, -0.4932, 0.6968, 0.9203]
m36  +++$+++  [0.9943, 0.8653, 0.9646, 0.9986, 0.9955, 0.9371, 0.9978, 0.9969, -0.7525, 0.9104, 0.9911, 0.953]
m281  +++$+++  [0.9922, 0.9903, -0.8012, 0.9808, 0.8673, -0.9727, -0.993, -0.97, -0.9951, -0.864, 0.7008, -0.9902]
m272  +++$+++  [-0.8014, -0.9781, -0.9087, -0.4988, -0.3527, -0.9004, 0.3178, 0.9856, 0.8268, -0.7169, -0.755, 0.9256]
m129  +++$+++  [-0.8217, 0.9801, 0.9822, 0.9891, 0.9624, -0.9164, -0.9951, 0.9437, -0.8479, -0.4738, 0.9523, -0.7904]
m411  +++$+++  [0.9738, 0.9567, 0.9123, 0.9965, -0.9815, 0.9964, 0.9766, 0.9218, -0.8307, 0.9754, 0.9581, 0.9494]
m310  +++$+++  [0.8697, 0.9913, 0.8971, 0.9887, -0.9952, -0.9913, -0.9661, -0.5979, -0.985, 0.9318, -0.8612, 0.9875]
m451  +++$+++  [0.9926, 0.997, 0.9836, 0.9397, 0.9969, 0.9745, 0.9861, 0.9921, 0.9942, 0.9863, 0.9513, 0.995]
m127  +++$+++  [0.996, 0.9958, 0.6464, 0.9905, 0.9976, 0.9133, -0.6595, -0.9001, 0.9296, 0.9969, -0.8922, -0.662]
m379  +++$+++  [0.9623, 0.4888, -0.9245, -0.8803, -0.8892, -0.9603, -0.7025, -0.5897, -0.8508, -0.8917, 0.8832, -0.4866]
m360  +++$+++  [-0.5376, -0.8675, 0.7869, -0.8989, -0.8556, 0.558, 0.8353, 0.8789, 0.9577, -0.8004, -0.6144, -0.6783]
m378  +++$+++  [0.9773, 0.9699, -0.9624, -0.8061, 0.9823, 0.9727, -0.8245, -0.8443, -0.9915, -0.667, 0.9076, -0.9637]
m615  +++$+++  [0.9718, -0.9704, 0.9979, 0.9921, -0.8667, 0.9973, -0.568, 0.992, 0.9963, 0.9916, 0.9565, 0.9964]
m192  +++$+++  [0.9865, 0.9639, 0.9877, 0.9206, 0.9372, 0.4967, 0.9639, 0.9842, 0.9686, -0.9646, -0.9822, 0.9704]
m304  +++$+++  [0.9539, 0.9941, -0.9359, 0.9974, 0.9892, 0.9871, -0.9242, -0.8788, 0.9956, 0.9565, 0.473, 0.9957]
m422  +++$+++  [0.9738, 0.9731, -0.9538, -0.9603, -0.9535, -0.9172, 0.95, -0.7611, -0.4297, -0.9813, 0.6681, -0.9633]
m578  +++$+++  [0.9895, 0.9765, -0.2519, -0.8518, -0.9079, -0.8713, 0.4957, -0.9912, 0.7003, 0.9871, -0.9867, -0.73]
m508  +++$+++  [-0.9486, -0.9934, 0.986, 0.7129, 0.7165, -0.9941, -0.9903, -0.966, -0.9753, -0.5585, -0.994, 0.5275]
m556  +++$+++  [-0.9848, -0.9616, 0.4606, 0.4922, -0.9901, -0.9613, -0.7705, 0.9825, -0.6436, -0.9241, 0.6076, 0.9496]
m487  +++$+++  [-0.8295, 0.9995, 0.9989, 0.9989, 0.5112, 0.9976, 0.9982, 0.9985, 0.9923, -0.9949, 0.9614, -0.979]
m383  +++$+++  [0.9831, -0.9899, 0.997, -0.9879, -0.863, -0.937, 0.9887, 0.9889, -0.9639, -0.9887, -0.9818, -0.9344]
m57  +++$+++  [0.9919, 0.9833, 0.9663, -0.9646, 0.7996, -0.9857, -0.6243, -0.9886, -0.9755, 0.9586, -0.972, -0.9959]
m427  +++$+++  [0.9918, 0.9781, 0.9749, 0.9794, 0.8994, 0.9406, 0.9851, 0.9615, 0.9071, 0.9928, 0.9933, 0.9706]
m2  +++$+++  [0.9634, 0.9929, -0.8538, -0.9775, -0.9926, -0.9931, 0.9337, 0.9938, -0.8614, 0.9845, -0.9943, -0.9946]
m169  +++$+++  [-0.8426, -0.965, 0.6423, 0.9529, 0.9478, -0.9462, 0.9492, -0.9674, -0.948, -0.9841, -0.9554, 0.9779]
m77  +++$+++  [0.9718, 0.986, 0.9955, 0.9984, 0.7325, 0.5764, -0.9512, 0.9576, 0.8849, -0.4522, 0.9585, 0.9179]
m491  +++$+++  [0.9427, -0.9913, -0.9937, 0.9929, 0.9872, 0.9588, 0.997, 0.9298, 0.9988, -0.9697, 0.9673, 0.983]
m287  +++$+++  [0.9318, 0.9964, -0.8476, 0.8702, 0.9849, -0.6015, 0.991, 0.9553, 0.9776, 0.9766, 0.9811, -0.8871]
m225  +++$+++  [-0.9851, -0.4829, 0.8117, 0.9423, 0.9672, 0.9258, 0.5901, 0.9415, -0.9188, 0.9377, 0.9443, 0.897]
m568  +++$+++  [0.9773, -0.9708, 0.8708, -0.5363, 0.9566, 0.9436, -0.841, 0.979, 0.8939, 0.8385, -0.7087, 0.9]
m443  +++$+++  [0.9288, -0.656, -0.9575, -0.9814, 0.8983, 0.9917, 0.6527, -0.9116, -0.9185, 0.933, 0.7232, 0.9586]
m437  +++$+++  [0.7876, -0.8267, -0.9808, -0.6339, -0.8809, -0.8375, -0.8226, 0.9218, -0.9779, 0.9762, 0.9339, 0.8539]
m131  +++$+++  [0.9931, 0.9984, 0.9836, 0.9681, -0.9662, 0.9891, 0.9887, 0.9911, 0.9851, 0.9941, 0.9833, 0.8735]
m159  +++$+++  [0.9937, -0.8277, -0.9614, 0.9796, 0.897, 0.9541, 0.959, -0.9735, 0.988, 0.9802, 0.9811, -0.8466]
m510  +++$+++  [0.8624, 0.9029, -0.6325, 0.8617, 0.9119, 0.9568, -0.814, -0.5629, 0.9331, -0.9751, -0.8255, 0.7464]
m584  +++$+++  [0.9795, 0.9594, 0.9318, 0.617, -0.2114, 0.9364, 0.997, -0.749, 0.9029, 0.9702, 0.8392, 0.9843]
m240  +++$+++  [-0.9698, 0.9963, 0.9871, 0.9962, 0.9965, 0.9984, -0.9678, 0.9951, 0.9655, 0.9217, 0.9959, 0.9957]
m496  +++$+++  [-0.962, -0.8884, -0.9794, 0.9725, -0.9964, 0.628, -0.9781, -0.6819, -0.9883, -0.471, -0.6388, 0.9897]
m444  +++$+++  [0.9771, 0.9688, 0.9855, -0.9894, 0.8366, 0.966, 0.9687, 0.9958, 0.9955, 0.6103, 0.9617, 0.9868]
m205  +++$+++  [0.7377, 0.9828, 0.6164, 0.9927, 0.6138, 0.9941, 0.992, -0.9769, 0.9702, -0.9709, -0.9872, 0.9759]
m196  +++$+++  [0.7755, -0.6902, -0.3471, -0.977, 0.996, -0.7951, 0.9231, 0.8794, 0.8035, 0.8815, -0.7473, -0.8669]
m418  +++$+++  [0.408, -0.6966, -0.9849, -0.7212, 0.8873, 0.951, 0.9967, 0.9154, -0.9966, -0.982, -0.9126, 0.9116]
m572  +++$+++  [0.3269, -0.8571, -0.9403, 0.8709, -0.8749, 0.747, 0.4926, 0.9598, -0.5688, -0.9377, -0.9726, -0.9728]
m467  +++$+++  [0.999, 0.8268, 0.9304, 0.9906, 0.9958, 0.8913, -0.9782, 0.4496, 0.9387, 0.9915, -0.9915, -0.9765]
m147  +++$+++  [-0.7569, -0.8263, 0.6197, 0.9499, 0.9569, -0.9402, 0.9628, 0.9827, 0.9677, -0.9217, 0.6895, 0.6755]
m177  +++$+++  [0.9859, 0.9869, 0.9513, 0.6037, 0.9634, 0.9801, 0.9937, 0.8637, 0.6985, 0.9668, 0.9869, -0.9716]
m158  +++$+++  [0.9842, 0.9875, 0.9365, -0.6192, -0.9819, 0.9786, -0.9248, -0.9859, -0.9773, -0.9639, 0.8775, -0.9565]
m75  +++$+++  [0.9816, 0.9664, 0.9884, 0.9956, 0.9746, -0.9417, 0.9957, 0.982, 0.979, -0.9773, -0.6616, 0.8891]
m602  +++$+++  [0.0, 0.0, -0.5719, 0.0, -0.1779, -0.3595, 0.0, 0.0, 0.4019, 0.3875, 0.5994, -0.296]
m573  +++$+++  [0.9965, 0.9872, 0.996, 0.9658, 0.9923, 0.7487, 0.966, 0.9965, 0.9515, 0.9914, 0.9934, 0.9966]
m237  +++$+++  [0.9675, 0.9027, 0.5919, 0.9434, 0.7839, 0.8257, 0.4585, 0.6544, -0.7452, -0.8165, -0.8959, -0.6085]
m37  +++$+++  [-0.9864, -0.9077, 0.9795, -0.9874, -0.9951, -0.9955, -0.9955, -0.9847, -0.9966, -0.9947, -0.6928, 0.9654]
m608  +++$+++  [0.9407, 0.9688, -0.9147, 0.971, -0.6561, -0.7853, 0.9727, 0.8372, 0.3707, -0.9254, -0.4872, -0.86]
m139  +++$+++  [0.9923, 0.9933, 0.9943, 0.9986, 0.9976, 0.9987, 0.9986, 0.9982, 0.9965, 0.9807, 0.9889, 0.9918]
m388  +++$+++  [0.9819, 0.9531, 0.976, 0.9918, -0.8069, -0.9848, 0.4868, 0.9103, 0.8759, 0.9791, -0.7708, 0.836]
m88  +++$+++  [-0.9969, 0.9948, 0.7581, 0.9973, 0.9929, -0.4459, -0.9862, 0.9751, -0.9932, 0.999, 0.8472, 0.9987]
m412  +++$+++  [0.9363, -0.3009, -0.9733, 0.7441, -0.9743, -0.9896, -0.6323, -0.3527, -0.9959, -0.8622, -0.9919, -0.9843]
m292  +++$+++  [0.8955, -0.9951, 0.989, -0.9682, -0.8085, -0.8492, 0.5589, 0.9912, 0.9096, 0.9669, 0.6811, 0.9959]
m336  +++$+++  [0.9851, 0.8719, 0.983, 0.9518, -0.9841, 0.9363, -0.9923, -0.9907, 0.9921, 0.9197, 0.9785, 0.9442]
m61  +++$+++  [-0.9437, -0.9807, 0.5554, -0.8208, 0.9532, 0.9863, 0.961, -0.9597, 0.8082, -0.7748, -0.8836, 0.8291]
m74  +++$+++  [0.9922, 0.9934, 0.8825, 0.9907, 0.9898, 0.9845, -0.978, 0.9919, 0.9444, 0.9061, 0.9959, 0.9938]
m193  +++$+++  [0.9747, 0.9479, 0.9465, 0.9849, -0.9562, 0.9936, 0.9446, -0.9653, -0.4394, 0.9175, 0.688, 0.9973]
m7  +++$+++  [-0.6821, 0.9564, 0.8608, -0.7555, -0.9449, -0.9397, -0.9842, -0.9746, 0.6308, -0.7804, -0.874, -0.7364]
m0  +++$+++  [-0.858, 0.9563, 0.8527, 0.9677, 0.9868, 0.9322, 0.9805, 0.6842, 0.8967, -0.8863, 0.8591, -0.9246]
m543  +++$+++  [0.9285, 0.9919, 0.6379, 0.9225, 0.695, 0.8727, -0.9536, -0.9185, 0.7363, 0.8623, -0.9405, 0.9794]
m247  +++$+++  [-0.9681, 0.9091, -0.9422, -0.9946, 0.9446, -0.2586, 0.7398, -0.9635, -0.9928, -0.9921, -0.987, 0.7688]
m547  +++$+++  [0.5922, -0.611, 0.9887, 0.5684, -0.9903, -0.6526, 0.7059, -0.8057, -0.9801, -0.9899, -0.9448, -0.9821]
m519  +++$+++  [0.9974, 0.9873, 0.9944, 0.898, -0.9738, 0.9959, -0.9967, 0.9918, 0.9974, -0.99, 0.9921, 0.9985]
m352  +++$+++  [0.9961, 0.9704, -0.6233, 0.8562, -0.8676, -0.987, 0.9455, 0.9958, 0.9973, 0.997, 0.9947, 0.9705]
m195  +++$+++  [0.7106, 0.8721, 0.93, -0.9005, 0.8398, 0.9894, 0.9719, -0.9707, 0.9386, 0.9209, 0.6573, -0.958]
m28  +++$+++  [0.9949, 0.987, 0.9984, 0.934, 0.997, 0.9849, 0.9981, 0.9963, 0.9992, 0.9937, 0.997, 0.9934]
m12  +++$+++  [0.9826, 0.9583, 0.8431, -0.9191, -0.5653, 0.7, 0.7833, -0.9752, 0.9983, 0.9217, 0.973, -0.9747]
m78  +++$+++  [0.9897, -0.6961, 0.9978, -0.9949, 0.9917, 0.9737, 0.9966, 0.9988, 0.9959, 0.9991, -0.9593, 0.9856]
m392  +++$+++  [0.9903, 0.9612, 0.9898, 0.8546, -0.8053, -0.7148, -0.948, 0.8824, -0.6566, 0.772, 0.9729, -0.937]
m596  +++$+++  [0.989, 0.717, 0.9864, 0.9883, 0.8831, -0.9397, -0.9214, -0.8281, 0.9818, -0.9024, 0.9642, -0.9737]
m527  +++$+++  [-0.5423, 0.9889, -0.6442, 0.9803, 0.9902, -0.459, -0.8899, 0.984, -0.8868, -0.9506, -0.9912, -0.9791]
m148  +++$+++  [-0.969, -0.9457, -0.9873, -0.8639, 0.711, 0.6422, 0.8461, 0.9818, 0.9449, 0.9603, -0.8434, 0.9385]
m386  +++$+++  [-0.7027, 0.84, -0.979, -0.9652, -0.7817, 0.9949, 0.986, 0.6754, 0.9568, -0.9372, -0.7617, 0.9821]
m559  +++$+++  [0.5803, 0.9504, 0.9711, 0.4325, 0.212, -0.9153, -0.3849, -0.8088, 0.296, -0.8363, -0.872, 0.8295]
m84  +++$+++  [0.9881, 0.9986, 0.999, 0.9864, 0.9905, 0.9971, 0.9743, 0.9937, 0.9971, -0.9606, 0.9865, 0.9977]
m455  +++$+++  [-0.7024, 0.874, -0.8501, 0.989, -0.6163, 0.9854, 0.9932, 0.956, -0.4458, -0.7191, 0.9889, 0.9826]
m343  +++$+++  [-0.5146, -0.8291, -0.9491, -0.9798, -0.795, 0.9823, 0.9208, 0.99, 0.9799, -0.9117, -0.9821, -0.952]
m191  +++$+++  [0.9881, -0.9697, 0.3839, 0.9566, 0.885, -0.9585, 0.5789, -0.9808, 0.4496, -0.9502, 0.9415, -0.9757]
m588  +++$+++  [-0.9873, 0.9975, -0.9762, 0.8073, -0.8955, 0.9909, -0.986, -0.9983, 0.9855, -0.9957, -0.9147, -0.999]
m475  +++$+++  [0.9985, 0.9984, 0.9729, -0.9697, 0.9292, 0.98, -0.9974, 0.9849, -0.9266, 0.436, -0.9513, -0.9879]
m151  +++$+++  [-0.5349, 0.9475, 0.9903, 0.8675, 0.9756, 0.8023, 0.7209, 0.9557, 0.9761, -0.981, 0.7827, -0.9071]
m356  +++$+++  [-0.9648, 0.983, 0.9643, 0.9894, 0.8923, 0.9405, -0.9124, -0.8971, -0.9949, -0.6883, 0.5922, 0.9636]
m5  +++$+++  [0.9209, -0.9892, 0.9445, 0.9983, 0.9932, 0.7153, 0.9955, 0.9942, 0.9888, 0.9936, 0.9867, 0.9856]
m317  +++$+++  [-0.9922, -0.9796, 0.7822, -0.9657, -0.96, 0.9388, -0.9803, -0.9635, 0.8543, 0.9783, -0.9362, 0.9714]
m23  +++$+++  [0.9867, -0.6792, 0.9629, -0.9141, -0.918, -0.9273, -0.9305, 0.9679, -0.937, 0.9921, -0.9865, 0.9288]
m189  +++$+++  [-0.9884, 0.636, 0.9688, 0.7872, 0.9794, -0.8714, 0.9484, -0.9877, 0.8897, 0.9911, -0.9083, 0.9856]
m598  +++$+++  [-0.958, -0.9867, -0.8715, 0.987, 0.8747, -0.9636, -0.9507, 0.9625, 0.977, 0.9665, -0.9957, -0.6104]
m267  +++$+++  [0.9925, 0.9954, 0.9961, 0.9896, 0.9957, 0.9893, 0.9991, 0.996, 0.9958, 0.9907, 0.9962, 0.9984]
m279  +++$+++  [-0.8743, -0.97, 0.9832, 0.9907, 0.9963, 0.9837, -0.8846, 0.9971, 0.9856, 0.9924, 0.7781, 0.9753]
m290  +++$+++  [0.9577, 0.3182, 0.7481, 0.9658, -0.9396, 0.9013, -0.9839, 0.9684, 0.9948, -0.963, -0.9494, 0.9748]
m9  +++$+++  [-0.9546, 0.8372, 0.7669, 0.9087, -0.8475, -0.7669, 0.9278, -0.8284, -0.8732, -0.9278, 0.7121, 0.9119]
m53  +++$+++  [0.9777, 0.9636, 0.9961, -0.5116, 0.9926, 0.9991, 0.9983, 0.9988, 0.9988, 0.9949, 0.9752, 0.9983]
m154  +++$+++  [0.7506, -0.9455, 0.9956, 0.9452, 0.9914, 0.631, 0.8113, -0.9052, 0.5089, -0.8949, 0.9946, 0.9968]
m616  +++$+++  [0.9145, 0.8875, 0.9621, -0.4329, 0.6179, -0.594, 0.5844, -0.4642, -0.7836, 0.9226, 0.9282, 0.9337]
m348  +++$+++  [-0.9666, -0.9838, 0.8917, -0.517, -0.9242, 0.838, 0.971, -0.9877, -0.994, -0.9339, -0.9163, 0.9615]
m22  +++$+++  [0.9839, 0.9906, 0.9952, 0.7543, 0.995, 0.9845, 0.9897, 0.956, -0.9957, -0.8077, -0.9683, 0.9899]
m162  +++$+++  [0.997, 0.9981, 0.9813, 0.9857, 0.9892, 0.9502, 0.9914, 0.998, 0.9914, 0.9656, 0.8431, 0.9861]
m128  +++$+++  [0.9007, 0.981, -0.7056, 0.8555, -0.9905, -0.8937, 0.9972, 0.9872, 0.9703, -0.3878, 0.9965, -0.9907]
m337  +++$+++  [-0.8917, -0.8417, 0.9944, 0.9583, 0.9986, 0.9763, -0.7776, 0.9826, 0.9505, 0.7828, 0.6995, 0.9869]
m473  +++$+++  [-0.8263, -0.7949, 0.9699, 0.8569, 0.8823, -0.8758, -0.7076, -0.8373, -0.9656, 0.9806, 0.8489, -0.7325]
m445  +++$+++  [-0.7571, 0.9895, -0.9779, 0.9695, 0.9873, 0.9631, -0.9177, 0.9642, 0.9787, 0.9504, -0.5115, 0.8419]
m329  +++$+++  [-0.9799, -0.9282, 0.9965, 0.9835, -0.8761, 0.9965, 0.9852, 0.9073, 0.9803, 0.9988, 0.9832, 0.9708]
m269  +++$+++  [0.9351, -0.9824, 0.9637, -0.9986, -0.9952, 0.9953, -0.9957, -0.9176, 0.5822, -0.9831, -0.9928, -0.9969]
m160  +++$+++  [0.9025, 0.9563, -0.6293, 0.9335, 0.9888, 0.8821, 0.8134, 0.9833, 0.9793, 0.9956, 0.9962, -0.9503]
m461  +++$+++  [0.944, 0.7963, 0.9794, -0.8338, -0.9628, 0.7682, 0.4384, -0.8155, -0.7815, -0.9485, -0.7659, 0.9893]
m398  +++$+++  [0.8939, -0.8299, -0.9789, 0.9504, 0.7514, 0.7316, -0.2808, 0.987, -0.3556, 0.7814, 0.8209, -0.9386]
m521  +++$+++  [0.7184, 0.4086, 0.0, 0.5994, 0.9037, -0.3182, -0.6036, 0.25, -0.4525, 0.3595, 0.2168, -0.6136]
m594  +++$+++  [0.9263, -0.8046, 0.9955, 0.9975, 0.9869, -0.9627, -0.9409, 0.9894, 0.9738, 0.9959, 0.9949, 0.9894]
m246  +++$+++  [0.9986, 0.9796, 0.9923, 0.986, 0.9974, 0.9941, 0.9855, 0.9927, 0.9964, 0.9934, 0.9965, 0.9964]
m537  +++$+++  [-0.9972, -0.9238, -0.7437, 0.9974, 0.9995, 0.9903, 0.9593, -0.9769, 0.8823, 0.6303, -0.9977, 0.9961]
m171  +++$+++  [0.9639, 0.8945, 0.9219, 0.8359, -0.3322, 0.9831, -0.9078, 0.9852, 0.9954, 0.9184, 0.9814, 0.9917]
m452  +++$+++  [0.9683, 0.9901, 0.9892, 0.9957, 0.918, 0.9826, 0.9937, 0.9951, 0.9657, -0.7359, 0.9891, -0.7972]
m215  +++$+++  [0.9878, 0.9765, -0.9933, -0.961, -0.9102, -0.9959, -0.8948, -0.9978, -0.8169, -0.9884, -0.7369, 0.9913]
m24  +++$+++  [0.9799, 0.9863, 0.8818, 0.9968, 0.9933, 0.9716, 0.9705, 0.9756, 0.9158, 0.9929, 0.8669, 0.9748]
m97  +++$+++  [-0.9639, -0.8923, 0.9779, -0.7202, 0.9558, 0.6184, -0.6011, 0.9581, -0.9555, 0.7829, -0.9462, 0.7676]
m333  +++$+++  [-0.8775, 0.9977, -0.9195, -0.9666, -0.9047, 0.9084, -0.9177, 0.9934, 0.5523, -0.8901, -0.5354, 0.6588]
m402  +++$+++  [0.997, 0.9469, 0.994, 0.9904, 0.9766, 0.9847, 0.9727, 0.9938, 0.9984, 0.9904, -0.8057, 0.9597]
m511  +++$+++  [0.98, 0.9986, 0.9918, 0.9942, 0.964, 0.9928, 0.9978, 0.9935, 0.9979, 0.9539, 0.9691, 0.9825]
m563  +++$+++  [0.9865, -0.8095, 0.9822, 0.9883, -0.981, 0.8916, -0.9161, 0.9293, -0.9082, 0.9246, 0.6421, -0.9915]
m611  +++$+++  [0.9733, -0.3736, -0.932, -0.9737, -0.9907, 0.9012, 0.5942, -0.8994, -0.9841, -0.7517, -0.984, -0.9522]
m384  +++$+++  [0.9663, 0.8308, 0.9875, -0.5584, 0.9695, -0.9345, -0.5054, -0.6832, -0.9266, -0.9587, -0.6369, 0.8665]
m382  +++$+++  [0.9687, 0.9786, 0.9913, 0.8968, 0.926, -0.9004, 0.9919, 0.6091, 0.9638, -0.946, -0.8551, 0.9716]
m73  +++$+++  [0.9927, 0.9831, 0.864, 0.9418, -0.9936, 0.9978, -0.9736, -0.8518, -0.5585, -0.6694, 0.945, 0.9823]
m235  +++$+++  [0.9918, -0.6966, 0.9733, 0.8978, 0.9115, 0.9692, 0.8593, 0.9925, 0.9941, 0.9759, 0.9794, 0.9248]
m45  +++$+++  [0.9842, 0.9949, -0.9569, 0.7745, 0.9938, 0.9946, -0.8717, 0.9154, 0.9117, -0.9647, -0.9918, 0.964]
m554  +++$+++  [-0.821, -0.7014, -0.8365, -0.4301, 0.5789, 0.9348, -0.8239, -0.7278, -0.9545, -0.9245, -0.981, -0.8579]
m464  +++$+++  [0.9851, 0.9986, 0.9918, 0.976, 0.9918, 0.9911, 0.9959, 0.9778, 0.9972, 0.9919, 0.9499, 0.9671]
m509  +++$+++  [0.6365, -0.6582, -0.582, 0.9448, 0.9687, 0.9595, 0.9236, -0.7909, 0.9091, -0.6384, -0.9236, 0.7852]
m150  +++$+++  [-0.9993, -0.9987, -0.995, 0.9935, 0.9531, -0.9962, -0.9256, -0.9665, -0.9986, -0.9987, -0.9983, -0.8364]
m391  +++$+++  [0.7442, -0.991, -0.5685, -0.8228, -0.9533, -0.9825, -0.9806, -0.9627, -0.9897, 0.9701, -0.9949, 0.9834]
m575  +++$+++  [0.998, 0.9923, -0.918, 0.9932, 0.9302, 0.9966, -0.6367, 0.9895, 0.9889, 0.9435, 0.9912, 0.9946]
m375  +++$+++  [0.9804, -0.2839, -0.9318, -0.9113, 0.9646, 0.985, 0.9071, -0.9501, -0.6409, 0.9274, -0.8302, 0.9805]
m60  +++$+++  [-0.975, -0.9494, -0.8124, -0.9942, -0.9807, -0.9973, -0.9838, -0.6277, -0.9989, 0.9456, -0.6391, -0.9352]
m357  +++$+++  [-0.9559, 0.6517, -0.8965, 0.9325, 0.9487, 0.7498, -0.9283, 0.8603, 0.9091, 0.6956, -0.9251, 0.9439]
m183  +++$+++  [-0.9828, -0.9721, -0.5362, -0.9821, 0.8348, 0.6351, 0.8026, 0.7768, -0.9203, 0.7153, -0.9663, -0.9849]
m351  +++$+++  [0.6, 0.9166, -0.9662, -0.8623, 0.7621, 0.9346, -0.9563, 0.7557, -0.9275, -0.856, 0.2819, -0.9603]
m155  +++$+++  [-0.5257, 0.7887, -0.9375, 0.5221, -0.9534, -0.6627, -0.9783, -0.8933, 0.8985, -0.9281, 0.8571, -0.9867]
m327  +++$+++  [0.9006, 0.995, 0.9895, 0.9756, 0.9965, 0.9686, 0.9934, 0.9892, 0.9856, 0.9932, 0.9926, 0.9936]
m479  +++$+++  [0.9784, 0.9943, 0.9927, 0.9959, 0.9911, -0.9315, 0.9897, 0.9785, -0.9286, 0.9501, 0.9825, 0.9603]
m283  +++$+++  [0.9931, 0.9942, 0.996, -0.9584, 0.6532, 0.9978, 0.9641, -0.832, 0.9943, -0.9897, 0.9013, -0.5464]
m263  +++$+++  [0.9924, 0.8859, -0.9854, 0.9924, 0.7928, 0.9935, 0.9565, 0.9905, 0.9942, -0.8134, 0.9892, 0.8359]
m301  +++$+++  [0.9432, 0.9845, 0.9895, -0.9973, -0.9822, 0.9923, -0.9641, 0.9903, -0.9207, 0.9971, 0.9956, 0.9953]
m580  +++$+++  [0.594, 0.1456, 0.7177, -0.6531, 0.4823, -0.6968, 0.6046, 0.8172, -0.5621, -0.3956, -0.8516, 0.3468]
m501  +++$+++  [0.9703, -0.9717, -0.9665, 0.9954, -0.9512, -0.9798, 0.9725, -0.9775, 0.6862, -0.9799, 0.7752, -0.9506]
m433  +++$+++  [-0.7294, -0.9101, 0.8707, 0.7959, -0.7819, -0.5107, -0.8488, 0.9625, 0.9732, -0.9675, -0.9881, -0.9313]
m175  +++$+++  [0.9743, 0.9882, 0.9876, 0.9971, 0.9192, -0.8626, 0.9381, 0.9491, -0.9724, 0.9925, 0.9977, -0.9725]
m393  +++$+++  [0.9198, 0.7017, -0.9619, 0.9782, 0.9643, 0.9902, 0.9576, 0.9823, 0.9946, 0.9129, -0.9851, 0.6199]
m32  +++$+++  [0.9738, -0.9596, -0.9867, -0.9577, -0.9903, 0.9808, 0.9479, -0.8542, -0.6471, -0.5103, -0.7488, 0.9985]
m476  +++$+++  [0.9621, 0.992, 0.9777, 0.974, 0.9929, 0.8787, 0.9518, 0.9538, 0.9763, -0.9179, 0.975, 0.9888]
m134  +++$+++  [-0.7236, -0.7789, -0.8715, 0.8791, -0.4212, -0.8148, 0.5613, 0.933, -0.4815, -0.9223, 0.8042, 0.6654]
m562  +++$+++  [0.3094, 0.9928, 0.9568, -0.9817, 0.535, 0.9691, 0.9764, 0.9757, -0.786, 0.9928, 0.8944, 0.9941]
m328  +++$+++  [0.981, 0.9508, -0.8629, -0.989, -0.6479, 0.5096, 0.9748, 0.9717, -0.5321, 0.8718, 0.8919, -0.9872]
m551  +++$+++  [-0.9502, 0.9886, -0.8844, 0.9572, 0.5486, 0.9799, 0.9548, 0.8123, -0.86, -0.9795, -0.9617, -0.6707]
m340  +++$+++  [-0.5889, 0.9465, 0.9852, -0.9631, 0.9938, 0.9943, 0.9577, 0.9815, -0.9211, -0.9488, 0.9319, 0.985]
m499  +++$+++  [0.9776, 0.9954, 0.9913, 0.9981, 0.9845, 0.9943, 0.9601, 0.9921, 0.9857, 0.9935, 0.9873, 0.8777]
m539  +++$+++  [0.989, 0.9544, 0.9949, 0.4981, 0.9894, 0.994, 0.9953, 0.9897, 0.9273, 0.9934, -0.9827, 0.9411]
m520  +++$+++  [-0.6833, -0.9849, 0.7825, 0.903, 0.9745, -0.9804, -0.9686, -0.4483, 0.9505, -0.9669, 0.9801, 0.9577]
m403  +++$+++  [0.984, 0.965, 0.9533, 0.9598, -0.9984, -0.9391, 0.7448, -0.9526, 0.9882, 0.6675, -0.9686, -0.9637]
m85  +++$+++  [0.567, 0.6569, -0.4288, 0.9635, 0.7882, 0.8788, -0.5134, 0.6029, -0.9304, 0.9631, -0.9474, -0.8954]
m262  +++$+++  [-0.9784, 0.8434, 0.9882, -0.9416, 0.9905, 0.9022, 0.8888, -0.895, 0.8882, 0.5164, 0.9462, 0.9536]
m570  +++$+++  [0.8131, -0.9722, -0.9735, 0.9842, -0.9878, -0.9769, -0.9731, -0.9747, -0.9975, 0.9844, -0.9958, 0.7226]
m377  +++$+++  [0.9861, -0.9907, 0.9326, 0.9839, 0.5387, 0.9504, 0.9848, 0.8167, -0.7812, 0.7922, 0.7988, 0.8433]
m121  +++$+++  [0.6982, -0.9398, 0.6007, 0.9667, -0.509, 0.615, -0.8841, 0.9872, -0.9456, -0.9131, 0.9977, 0.9832]
m513  +++$+++  [0.9509, 0.9991, 0.9854, 0.9851, 0.9881, 0.939, 0.995, 0.8577, 0.9986, 0.9953, -0.9944, -0.7675]
m152  +++$+++  [0.9975, -0.9818, -0.9248, -0.8622, 0.9941, 0.9936, -0.9898, 0.9956, 0.9362, -0.9914, -0.9989, -0.9279]
m549  +++$+++  [0.9561, -0.8238, -0.6969, 0.9429, -0.8599, -0.9591, 0.566, 0.7123, 0.6875, -0.928, 0.6185, 0.9046]
m109  +++$+++  [0.9976, 0.9933, 0.998, 0.9939, 0.9981, 0.9849, 0.9946, 0.9965, 0.9971, 0.9974, 0.9951, 0.9989]
m320  +++$+++  [-0.6382, -0.9603, -0.996, -0.9925, -0.9577, 0.9778, -0.8453, 0.7925, 0.9389, 0.8828, 0.9819, 0.9911]
m50  +++$+++  [-0.9912, -0.8553, 0.9674, -0.6814, -0.5413, 0.9803, 0.9047, 0.9529, -0.8302, -0.974, -0.9823, -0.7593]
m587  +++$+++  [0.9243, -0.7591, -0.9761, 0.9441, 0.8088, -0.9394, -0.9759, -0.9807, -0.9066, 0.938, 0.737, 0.9851]
m232  +++$+++  [-0.8817, -0.9103, -0.9747, 0.9769, -0.9843, 0.9407, 0.9824, 0.9206, 0.6425, 0.8792, -0.761, -0.7566]
m316  +++$+++  [0.98, 0.9799, 0.8984, 0.9905, 0.9935, 0.9766, -0.9793, -0.8763, 0.9763, 0.8463, -0.9119, 0.9416]
m239  +++$+++  [0.9629, 0.9725, 0.9869, 0.9426, 0.9718, -0.8964, 0.9607, 0.9758, 0.9648, -0.8074, 0.8396, -0.8333]
m512  +++$+++  [0.9712, 0.9916, 0.9909, -0.9921, -0.9487, 0.996, 0.9912, 0.4141, -0.9704, 0.9728, 0.9824, 0.9812]
m254  +++$+++  [0.9169, 0.968, 0.9565, 0.9318, 0.8693, 0.8708, 0.8061, 0.9649, 0.9531, 0.6603, 0.9435, 0.9702]
m555  +++$+++  [0.9924, 0.9338, 0.9448, 0.5759, 0.9809, 0.8648, -0.9076, 0.763, 0.9413, 0.989, 0.9061, 0.9636]
m168  +++$+++  [0.9744, -0.7858, 0.9514, 0.981, 0.9771, 0.9942, -0.6885, -0.9626, -0.52, -0.8879, 0.9951, 0.9559]
m300  +++$+++  [0.9904, 0.8621, 0.8583, -0.9856, -0.9588, -0.9385, 0.9486, 0.9823, -0.8845, -0.9912, -0.6883, 0.7654]
m153  +++$+++  [-0.9429, 0.9528, 0.52, -0.6686, 0.9496, 0.9499, 0.9598, -0.9558, 0.9053, -0.9726, 0.9351, 0.968]
m236  +++$+++  [0.9809, 0.9193, 0.7031, -0.9874, 0.9772, -0.3378, 0.9934, -0.9673, 0.99, -0.9562, 0.5794, 0.9458]
m525  +++$+++  [-0.9966, -0.9471, -0.9979, -0.9892, -0.981, -0.9416, -0.9908, -0.5199, 0.8673, -0.9925, -0.8676, 0.9777]
m305  +++$+++  [0.9646, 0.9403, 0.8514, 0.9762, 0.9878, 0.8783, 0.7061, 0.9877, 0.9711, -0.9479, -0.9416, 0.9391]
m29  +++$+++  [0.8003, 0.9721, 0.892, 0.8245, -0.9987, -0.998, -0.9979, -0.9986, -0.996, -0.9587, -0.9716, -0.9941]
m295  +++$+++  [-0.9691, 0.9832, -0.6874, 0.9317, -0.9952, 0.6776, -0.9986, 0.9495, 0.8329, -0.9615, -0.9931, 0.991]
m516  +++$+++  [0.9971, -0.6337, 0.9833, 0.9965, 0.9644, 0.9794, 0.9638, 0.9974, 0.9944, 0.8993, 0.9875, 0.9615]
m90  +++$+++  [0.9983, 0.9988, 0.9989, 0.9965, 0.9948, 0.9951, 0.7316, 0.9907, 0.9235, 0.9649, -0.9889, 0.9976]
m167  +++$+++  [0.982, 0.9966, 0.8728, -0.8287, -0.9033, -0.8618, -0.9806, 0.9702, 0.995, 0.9524, 0.9714, -0.7228]
m595  +++$+++  [-0.9777, -0.9109, -0.6002, -0.9603, -0.8301, -0.9977, 0.9894, -0.8952, -0.9609, 0.9974, -0.9989, 0.9916]
m453  +++$+++  [0.9944, 0.988, 0.9733, 0.9653, 0.9758, 0.9405, 0.8802, 0.8991, 0.9734, 0.992, -0.6605, 0.9889]
m268  +++$+++  [0.56, 0.9772, 0.7857, 0.9702, -0.9388, 0.9256, 0.935, 0.7355, 0.7469, 0.8426, 0.9346, 0.9237]
m429  +++$+++  [0.9313, 0.9987, 0.9752, 0.9927, -0.9979, -0.9755, -0.9555, -0.8683, 0.8152, -0.9842, -0.7415, -0.9757]
m250  +++$+++  [0.9873, 0.626, 0.9848, 0.8774, -0.975, 0.9796, 0.6458, 0.9782, -0.6685, 0.6391, 0.9572, -0.9784]
m489  +++$+++  [0.9732, -0.5417, 0.9583, -0.9273, 0.9752, 0.9845, 0.8305, 0.9399, 0.9795, -0.8726, -0.8438, 0.9725]
m126  +++$+++  [0.9657, 0.9914, 0.8851, -0.9173, -0.968, -0.6502, 0.9737, -0.9216, -0.7843, -0.9868, -0.9873, -0.988]
m385  +++$+++  [0.947, 0.4124, 0.9464, 0.6199, 0.9458, -0.9075, -0.9112, 0.3369, -0.6861, -0.9724, -0.2808, 0.9673]
m174  +++$+++  [0.6815, 0.9983, 0.9318, 0.6494, 0.9889, 0.9957, 0.9731, -0.9698, -0.5782, 0.9756, 0.9667, 0.9435]
m601  +++$+++  [0.976, 0.9732, 0.9869, -0.9537, -0.4546, -0.9912, 0.8923, 0.9754, -0.6961, -0.9541, -0.6612, -0.5809]
m311  +++$+++  [-0.9737, -0.993, -0.7276, 0.7998, -0.9844, -0.9815, 0.9641, -0.9269, -0.9582, -0.9816, 0.7474, 0.7578]
m458  +++$+++  [0.9542, 0.9756, 0.9672, 0.9895, 0.9967, 0.9531, 0.9895, 0.9707, 0.9868, 0.9885, 0.995, 0.9757]
m222  +++$+++  [-0.9891, 0.9442, 0.8843, -0.9934, 0.5848, -0.8864, -0.8197, -0.8796, -0.9872, 0.5184, -0.9578, 0.879]
m603  +++$+++  [0.9161, -0.9613, -0.9508, 0.9654, -0.9903, 0.9895, 0.9561, 0.9796, 0.9788, -0.8193, -0.9708, -0.9816]
m130  +++$+++  [0.9913, -0.9074, 0.9967, -0.9725, -0.8877, -0.9603, 0.9637, 0.9945, 0.9671, 0.9914, 0.9961, 0.7535]
m204  +++$+++  [0.9915, 0.999, 0.9179, 0.9968, 0.9979, 0.9597, 0.9706, -0.9215, -0.9974, 0.9985, 0.925, 0.874]
m381  +++$+++  [-0.5535, 0.9107, 0.9973, 0.6856, 0.9838, 0.988, 0.9812, 0.8189, 0.9957, 0.991, 0.9846, 0.9852]
m164  +++$+++  [0.6694, 0.9646, 0.9873, -0.9863, 0.9876, -0.7424, 0.9444, -0.9789, -0.981, 0.8366, -0.8126, 0.9704]
m219  +++$+++  [0.6405, -0.5834, -0.4997, 0.9918, -0.9916, -0.9698, -0.9926, -0.65, 0.9631, -0.9791, 0.9578, -0.9208]
m484  +++$+++  [-0.4471, 0.6421, 0.6705, 0.7184, 0.7696, -0.4939, 0.4404, -0.5584, 0.0, 0.0, 0.0, -0.785]
m462  +++$+++  [0.9958, 0.9946, 0.9959, 0.987, 0.9918, 0.9546, 0.9915, 0.9983, -0.9545, 0.9781, 0.6126, 0.9963]
m526  +++$+++  [0.9909, 0.9921, 0.9609, 0.9916, 0.5664, 0.9939, 0.9562, -0.8913, 0.8631, -0.9019, 0.9116, 0.7942]
m399  +++$+++  [0.8479, 0.9183, -0.9159, -0.9294, -0.8639, -0.9625, -0.8858, 0.5837, -0.9905, 0.921, -0.9959, 0.6265]
m170  +++$+++  [-0.9919, -0.9995, -0.9952, -0.9542, -0.9819, -0.9978, -0.9955, -0.998, -0.9963, -0.9495, 0.7533, -0.9949]
m104  +++$+++  [-0.9985, 0.8004, -0.9948, -0.9684, -0.997, -0.9924, -0.9686, -0.9885, -0.9987, -0.9974, -0.9986, -0.9852]
