[-0.61468974358974338, -0.71256153846153847, -0.34940384615384623, -0.040301282051282028]
[0.65280993265993303, 0.98180404040404046, 0.97955555555555607, 0.65425185185185175]
[0.63698030303030295, 0.34517651515151515, 0.3315712121212121, 0.0062363636363636232]
[-0.0021137254901959501, -0.321186928104575, -0.75226274509803881, -0.63747908496732009]
[0.010480952380952258, 0.32300793650793652, 0.52999312169312174, 0.60200846560846577]
[-0.64256666666666651, -0.9616177777777779, -0.96315777777777778, -0.64274592592592583]
[-0.012027777777777859, 0.047863675213675183, -0.10036452991452982, 0.0049850427350427717]
[0.63930053763440853, 0.95979677419354847, 0.33290967741935479, 0.010160752688172126]
[0.60771190476190462, 0.29507142857142854, -0.31113333333333326, -0.6242023809523809]
[-0.59165909090909063, -0.3064015151515152, 0.2956242424242424, 0.58171212121212124]
