[0.9607566137566137, 0.94878994708994746, 0.31633703703703708, -0.63968915343915378]
[0.97957222222222196, 0.9818040404040409, 0.97955555555555629, 0.97948661616161603]
[-0.69495813953488383, -0.036432558139534943, 0.13271705426356592, -0.24897131782945764]
[-0.80540672043010786, -0.80058494623655974, -0.79363870967741967, -1.0316685483870969]
[1.2793341085271304, 0.34716899224806208, 0.34693178294573657, 0.34023294573643392]
[0.8890434426229501, -0.046545901639344189, -0.67221803278688541, -1.1030647540983607]
[0.455559195402299, 0.13004712643678168, 0.12546494252873566, 1.0636795977011504]
[-0.62076666666666602, 0.30698095238095241, 0.91617460317460342, 0.91453412698412695]
[0.36341129032258113, 0.27340000000000009, -0.32994838709677432, -0.28239516129032227]
[-1.0844414414414407, -0.56771171171171186, 0.031329729729729777, 0.92294054054054153]
