[-0.92089038461538408, 0.89526730769230767, 0.5093923076923077, 0.26988653846153848]
[0.98072261306532638, 0.97565778894472377, 0.98505326633165813, 0.97244623115577822]
[-0.95467741935483919, -0.95317419354838751, -0.95779193548387098, -0.48798548387096774]
[0.95497540983606544, 0.96894754098360658, 0.9673639344262297, -0.95141147540983595]
[0.93965714285714275, -0.92609714285714295, -0.94966285714285681, -0.95730000000000048]
[0.22142000000000001, 0.93349555555555574, -0.93183777777777832, -0.93704000000000032]
[0.97246190476190464, 0.97829761904761892, -0.93573333333333319, 0.97914761904761904]
[0.97396333333333318, -0.91567833333333337, 0.28359833333333334, 0.9511266666666669]
[0.42980250000000003, -0.91789750000000025, 0.96728249999999982, -0.95562499999999972]
[-0.91373809523809524, -0.91966190476190479, 0.91735238095238081, 0.88581428571428567]
